<Qucs Dataset 0.0.14>
<indep time 1001>
  +0.00000000000e+00
  +2.00000000000e-07
  +4.00000000000e-07
  +6.00000000000e-07
  +8.00000000000e-07
  +1.00000000000e-06
  +1.20000000000e-06
  +1.40000000000e-06
  +1.60000000000e-06
  +1.80000000000e-06
  +2.00000000000e-06
  +2.20000000000e-06
  +2.40000000000e-06
  +2.60000000000e-06
  +2.80000000000e-06
  +3.00000000000e-06
  +3.20000000000e-06
  +3.40000000000e-06
  +3.60000000000e-06
  +3.80000000000e-06
  +4.00000000000e-06
  +4.20000000000e-06
  +4.40000000000e-06
  +4.60000000000e-06
  +4.80000000000e-06
  +5.00000000000e-06
  +5.20000000000e-06
  +5.40000000000e-06
  +5.60000000000e-06
  +5.80000000000e-06
  +6.00000000000e-06
  +6.20000000000e-06
  +6.40000000000e-06
  +6.60000000000e-06
  +6.80000000000e-06
  +7.00000000000e-06
  +7.20000000000e-06
  +7.40000000000e-06
  +7.60000000000e-06
  +7.80000000000e-06
  +8.00000000000e-06
  +8.20000000000e-06
  +8.40000000000e-06
  +8.60000000000e-06
  +8.80000000000e-06
  +9.00000000000e-06
  +9.20000000000e-06
  +9.40000000000e-06
  +9.60000000000e-06
  +9.80000000000e-06
  +1.00000000000e-05
  +1.02000000000e-05
  +1.04000000000e-05
  +1.06000000000e-05
  +1.08000000000e-05
  +1.10000000000e-05
  +1.12000000000e-05
  +1.14000000000e-05
  +1.16000000000e-05
  +1.18000000000e-05
  +1.20000000000e-05
  +1.22000000000e-05
  +1.24000000000e-05
  +1.26000000000e-05
  +1.28000000000e-05
  +1.30000000000e-05
  +1.32000000000e-05
  +1.34000000000e-05
  +1.36000000000e-05
  +1.38000000000e-05
  +1.40000000000e-05
  +1.42000000000e-05
  +1.44000000000e-05
  +1.46000000000e-05
  +1.48000000000e-05
  +1.50000000000e-05
  +1.52000000000e-05
  +1.54000000000e-05
  +1.56000000000e-05
  +1.58000000000e-05
  +1.60000000000e-05
  +1.62000000000e-05
  +1.64000000000e-05
  +1.66000000000e-05
  +1.68000000000e-05
  +1.70000000000e-05
  +1.72000000000e-05
  +1.74000000000e-05
  +1.76000000000e-05
  +1.78000000000e-05
  +1.80000000000e-05
  +1.82000000000e-05
  +1.84000000000e-05
  +1.86000000000e-05
  +1.88000000000e-05
  +1.90000000000e-05
  +1.92000000000e-05
  +1.94000000000e-05
  +1.96000000000e-05
  +1.98000000000e-05
  +2.00000000000e-05
  +2.02000000000e-05
  +2.04000000000e-05
  +2.06000000000e-05
  +2.08000000000e-05
  +2.10000000000e-05
  +2.12000000000e-05
  +2.14000000000e-05
  +2.16000000000e-05
  +2.18000000000e-05
  +2.20000000000e-05
  +2.22000000000e-05
  +2.24000000000e-05
  +2.26000000000e-05
  +2.28000000000e-05
  +2.30000000000e-05
  +2.32000000000e-05
  +2.34000000000e-05
  +2.36000000000e-05
  +2.38000000000e-05
  +2.40000000000e-05
  +2.42000000000e-05
  +2.44000000000e-05
  +2.46000000000e-05
  +2.48000000000e-05
  +2.50000000000e-05
  +2.52000000000e-05
  +2.54000000000e-05
  +2.56000000000e-05
  +2.58000000000e-05
  +2.60000000000e-05
  +2.62000000000e-05
  +2.64000000000e-05
  +2.66000000000e-05
  +2.68000000000e-05
  +2.70000000000e-05
  +2.72000000000e-05
  +2.74000000000e-05
  +2.76000000000e-05
  +2.78000000000e-05
  +2.80000000000e-05
  +2.82000000000e-05
  +2.84000000000e-05
  +2.86000000000e-05
  +2.88000000000e-05
  +2.90000000000e-05
  +2.92000000000e-05
  +2.94000000000e-05
  +2.96000000000e-05
  +2.98000000000e-05
  +3.00000000000e-05
  +3.02000000000e-05
  +3.04000000000e-05
  +3.06000000000e-05
  +3.08000000000e-05
  +3.10000000000e-05
  +3.12000000000e-05
  +3.14000000000e-05
  +3.16000000000e-05
  +3.18000000000e-05
  +3.20000000000e-05
  +3.22000000000e-05
  +3.24000000000e-05
  +3.26000000000e-05
  +3.28000000000e-05
  +3.30000000000e-05
  +3.32000000000e-05
  +3.34000000000e-05
  +3.36000000000e-05
  +3.38000000000e-05
  +3.40000000000e-05
  +3.42000000000e-05
  +3.44000000000e-05
  +3.46000000000e-05
  +3.48000000000e-05
  +3.50000000000e-05
  +3.52000000000e-05
  +3.54000000000e-05
  +3.56000000000e-05
  +3.58000000000e-05
  +3.60000000000e-05
  +3.62000000000e-05
  +3.64000000000e-05
  +3.66000000000e-05
  +3.68000000000e-05
  +3.70000000000e-05
  +3.72000000000e-05
  +3.74000000000e-05
  +3.76000000000e-05
  +3.78000000000e-05
  +3.80000000000e-05
  +3.82000000000e-05
  +3.84000000000e-05
  +3.86000000000e-05
  +3.88000000000e-05
  +3.90000000000e-05
  +3.92000000000e-05
  +3.94000000000e-05
  +3.96000000000e-05
  +3.98000000000e-05
  +4.00000000000e-05
  +4.02000000000e-05
  +4.04000000000e-05
  +4.06000000000e-05
  +4.08000000000e-05
  +4.10000000000e-05
  +4.12000000000e-05
  +4.14000000000e-05
  +4.16000000000e-05
  +4.18000000000e-05
  +4.20000000000e-05
  +4.22000000000e-05
  +4.24000000000e-05
  +4.26000000000e-05
  +4.28000000000e-05
  +4.30000000000e-05
  +4.32000000000e-05
  +4.34000000000e-05
  +4.36000000000e-05
  +4.38000000000e-05
  +4.40000000000e-05
  +4.42000000000e-05
  +4.44000000000e-05
  +4.46000000000e-05
  +4.48000000000e-05
  +4.50000000000e-05
  +4.52000000000e-05
  +4.54000000000e-05
  +4.56000000000e-05
  +4.58000000000e-05
  +4.60000000000e-05
  +4.62000000000e-05
  +4.64000000000e-05
  +4.66000000000e-05
  +4.68000000000e-05
  +4.70000000000e-05
  +4.72000000000e-05
  +4.74000000000e-05
  +4.76000000000e-05
  +4.78000000000e-05
  +4.80000000000e-05
  +4.82000000000e-05
  +4.84000000000e-05
  +4.86000000000e-05
  +4.88000000000e-05
  +4.90000000000e-05
  +4.92000000000e-05
  +4.94000000000e-05
  +4.96000000000e-05
  +4.98000000000e-05
  +5.00000000000e-05
  +5.02000000000e-05
  +5.04000000000e-05
  +5.06000000000e-05
  +5.08000000000e-05
  +5.10000000000e-05
  +5.12000000000e-05
  +5.14000000000e-05
  +5.16000000000e-05
  +5.18000000000e-05
  +5.20000000000e-05
  +5.22000000000e-05
  +5.24000000000e-05
  +5.26000000000e-05
  +5.28000000000e-05
  +5.30000000000e-05
  +5.32000000000e-05
  +5.34000000000e-05
  +5.36000000000e-05
  +5.38000000000e-05
  +5.40000000000e-05
  +5.42000000000e-05
  +5.44000000000e-05
  +5.46000000000e-05
  +5.48000000000e-05
  +5.50000000000e-05
  +5.52000000000e-05
  +5.54000000000e-05
  +5.56000000000e-05
  +5.58000000000e-05
  +5.60000000000e-05
  +5.62000000000e-05
  +5.64000000000e-05
  +5.66000000000e-05
  +5.68000000000e-05
  +5.70000000000e-05
  +5.72000000000e-05
  +5.74000000000e-05
  +5.76000000000e-05
  +5.78000000000e-05
  +5.80000000000e-05
  +5.82000000000e-05
  +5.84000000000e-05
  +5.86000000000e-05
  +5.88000000000e-05
  +5.90000000000e-05
  +5.92000000000e-05
  +5.94000000000e-05
  +5.96000000000e-05
  +5.98000000000e-05
  +6.00000000000e-05
  +6.02000000000e-05
  +6.04000000000e-05
  +6.06000000000e-05
  +6.08000000000e-05
  +6.10000000000e-05
  +6.12000000000e-05
  +6.14000000000e-05
  +6.16000000000e-05
  +6.18000000000e-05
  +6.20000000000e-05
  +6.22000000000e-05
  +6.24000000000e-05
  +6.26000000000e-05
  +6.28000000000e-05
  +6.30000000000e-05
  +6.32000000000e-05
  +6.34000000000e-05
  +6.36000000000e-05
  +6.38000000000e-05
  +6.40000000000e-05
  +6.42000000000e-05
  +6.44000000000e-05
  +6.46000000000e-05
  +6.48000000000e-05
  +6.50000000000e-05
  +6.52000000000e-05
  +6.54000000000e-05
  +6.56000000000e-05
  +6.58000000000e-05
  +6.60000000000e-05
  +6.62000000000e-05
  +6.64000000000e-05
  +6.66000000000e-05
  +6.68000000000e-05
  +6.70000000000e-05
  +6.72000000000e-05
  +6.74000000000e-05
  +6.76000000000e-05
  +6.78000000000e-05
  +6.80000000000e-05
  +6.82000000000e-05
  +6.84000000000e-05
  +6.86000000000e-05
  +6.88000000000e-05
  +6.90000000000e-05
  +6.92000000000e-05
  +6.94000000000e-05
  +6.96000000000e-05
  +6.98000000000e-05
  +7.00000000000e-05
  +7.02000000000e-05
  +7.04000000000e-05
  +7.06000000000e-05
  +7.08000000000e-05
  +7.10000000000e-05
  +7.12000000000e-05
  +7.14000000000e-05
  +7.16000000000e-05
  +7.18000000000e-05
  +7.20000000000e-05
  +7.22000000000e-05
  +7.24000000000e-05
  +7.26000000000e-05
  +7.28000000000e-05
  +7.30000000000e-05
  +7.32000000000e-05
  +7.34000000000e-05
  +7.36000000000e-05
  +7.38000000000e-05
  +7.40000000000e-05
  +7.42000000000e-05
  +7.44000000000e-05
  +7.46000000000e-05
  +7.48000000000e-05
  +7.50000000000e-05
  +7.52000000000e-05
  +7.54000000000e-05
  +7.56000000000e-05
  +7.58000000000e-05
  +7.60000000000e-05
  +7.62000000000e-05
  +7.64000000000e-05
  +7.66000000000e-05
  +7.68000000000e-05
  +7.70000000000e-05
  +7.72000000000e-05
  +7.74000000000e-05
  +7.76000000000e-05
  +7.78000000000e-05
  +7.80000000000e-05
  +7.82000000000e-05
  +7.84000000000e-05
  +7.86000000000e-05
  +7.88000000000e-05
  +7.90000000000e-05
  +7.92000000000e-05
  +7.94000000000e-05
  +7.96000000000e-05
  +7.98000000000e-05
  +8.00000000000e-05
  +8.02000000000e-05
  +8.04000000000e-05
  +8.06000000000e-05
  +8.08000000000e-05
  +8.10000000000e-05
  +8.12000000000e-05
  +8.14000000000e-05
  +8.16000000000e-05
  +8.18000000000e-05
  +8.20000000000e-05
  +8.22000000000e-05
  +8.24000000000e-05
  +8.26000000000e-05
  +8.28000000000e-05
  +8.30000000000e-05
  +8.32000000000e-05
  +8.34000000000e-05
  +8.36000000000e-05
  +8.38000000000e-05
  +8.40000000000e-05
  +8.42000000000e-05
  +8.44000000000e-05
  +8.46000000000e-05
  +8.48000000000e-05
  +8.50000000000e-05
  +8.52000000000e-05
  +8.54000000000e-05
  +8.56000000000e-05
  +8.58000000000e-05
  +8.60000000000e-05
  +8.62000000000e-05
  +8.64000000000e-05
  +8.66000000000e-05
  +8.68000000000e-05
  +8.70000000000e-05
  +8.72000000000e-05
  +8.74000000000e-05
  +8.76000000000e-05
  +8.78000000000e-05
  +8.80000000000e-05
  +8.82000000000e-05
  +8.84000000000e-05
  +8.86000000000e-05
  +8.88000000000e-05
  +8.90000000000e-05
  +8.92000000000e-05
  +8.94000000000e-05
  +8.96000000000e-05
  +8.98000000000e-05
  +9.00000000000e-05
  +9.02000000000e-05
  +9.04000000000e-05
  +9.06000000000e-05
  +9.08000000000e-05
  +9.10000000000e-05
  +9.12000000000e-05
  +9.14000000000e-05
  +9.16000000000e-05
  +9.18000000000e-05
  +9.20000000000e-05
  +9.22000000000e-05
  +9.24000000000e-05
  +9.26000000000e-05
  +9.28000000000e-05
  +9.30000000000e-05
  +9.32000000000e-05
  +9.34000000000e-05
  +9.36000000000e-05
  +9.38000000000e-05
  +9.40000000000e-05
  +9.42000000000e-05
  +9.44000000000e-05
  +9.46000000000e-05
  +9.48000000000e-05
  +9.50000000000e-05
  +9.52000000000e-05
  +9.54000000000e-05
  +9.56000000000e-05
  +9.58000000000e-05
  +9.60000000000e-05
  +9.62000000000e-05
  +9.64000000000e-05
  +9.66000000000e-05
  +9.68000000000e-05
  +9.70000000000e-05
  +9.72000000000e-05
  +9.74000000000e-05
  +9.76000000000e-05
  +9.78000000000e-05
  +9.80000000000e-05
  +9.82000000000e-05
  +9.84000000000e-05
  +9.86000000000e-05
  +9.88000000000e-05
  +9.90000000000e-05
  +9.92000000000e-05
  +9.94000000000e-05
  +9.96000000000e-05
  +9.98000000000e-05
  +1.00000000000e-04
  +1.00200000000e-04
  +1.00400000000e-04
  +1.00600000000e-04
  +1.00800000000e-04
  +1.01000000000e-04
  +1.01200000000e-04
  +1.01400000000e-04
  +1.01600000000e-04
  +1.01800000000e-04
  +1.02000000000e-04
  +1.02200000000e-04
  +1.02400000000e-04
  +1.02600000000e-04
  +1.02800000000e-04
  +1.03000000000e-04
  +1.03200000000e-04
  +1.03400000000e-04
  +1.03600000000e-04
  +1.03800000000e-04
  +1.04000000000e-04
  +1.04200000000e-04
  +1.04400000000e-04
  +1.04600000000e-04
  +1.04800000000e-04
  +1.05000000000e-04
  +1.05200000000e-04
  +1.05400000000e-04
  +1.05600000000e-04
  +1.05800000000e-04
  +1.06000000000e-04
  +1.06200000000e-04
  +1.06400000000e-04
  +1.06600000000e-04
  +1.06800000000e-04
  +1.07000000000e-04
  +1.07200000000e-04
  +1.07400000000e-04
  +1.07600000000e-04
  +1.07800000000e-04
  +1.08000000000e-04
  +1.08200000000e-04
  +1.08400000000e-04
  +1.08600000000e-04
  +1.08800000000e-04
  +1.09000000000e-04
  +1.09200000000e-04
  +1.09400000000e-04
  +1.09600000000e-04
  +1.09800000000e-04
  +1.10000000000e-04
  +1.10200000000e-04
  +1.10400000000e-04
  +1.10600000000e-04
  +1.10800000000e-04
  +1.11000000000e-04
  +1.11200000000e-04
  +1.11400000000e-04
  +1.11600000000e-04
  +1.11800000000e-04
  +1.12000000000e-04
  +1.12200000000e-04
  +1.12400000000e-04
  +1.12600000000e-04
  +1.12800000000e-04
  +1.13000000000e-04
  +1.13200000000e-04
  +1.13400000000e-04
  +1.13600000000e-04
  +1.13800000000e-04
  +1.14000000000e-04
  +1.14200000000e-04
  +1.14400000000e-04
  +1.14600000000e-04
  +1.14800000000e-04
  +1.15000000000e-04
  +1.15200000000e-04
  +1.15400000000e-04
  +1.15600000000e-04
  +1.15800000000e-04
  +1.16000000000e-04
  +1.16200000000e-04
  +1.16400000000e-04
  +1.16600000000e-04
  +1.16800000000e-04
  +1.17000000000e-04
  +1.17200000000e-04
  +1.17400000000e-04
  +1.17600000000e-04
  +1.17800000000e-04
  +1.18000000000e-04
  +1.18200000000e-04
  +1.18400000000e-04
  +1.18600000000e-04
  +1.18800000000e-04
  +1.19000000000e-04
  +1.19200000000e-04
  +1.19400000000e-04
  +1.19600000000e-04
  +1.19800000000e-04
  +1.20000000000e-04
  +1.20200000000e-04
  +1.20400000000e-04
  +1.20600000000e-04
  +1.20800000000e-04
  +1.21000000000e-04
  +1.21200000000e-04
  +1.21400000000e-04
  +1.21600000000e-04
  +1.21800000000e-04
  +1.22000000000e-04
  +1.22200000000e-04
  +1.22400000000e-04
  +1.22600000000e-04
  +1.22800000000e-04
  +1.23000000000e-04
  +1.23200000000e-04
  +1.23400000000e-04
  +1.23600000000e-04
  +1.23800000000e-04
  +1.24000000000e-04
  +1.24200000000e-04
  +1.24400000000e-04
  +1.24600000000e-04
  +1.24800000000e-04
  +1.25000000000e-04
  +1.25200000000e-04
  +1.25400000000e-04
  +1.25600000000e-04
  +1.25800000000e-04
  +1.26000000000e-04
  +1.26200000000e-04
  +1.26400000000e-04
  +1.26600000000e-04
  +1.26800000000e-04
  +1.27000000000e-04
  +1.27200000000e-04
  +1.27400000000e-04
  +1.27600000000e-04
  +1.27800000000e-04
  +1.28000000000e-04
  +1.28200000000e-04
  +1.28400000000e-04
  +1.28600000000e-04
  +1.28800000000e-04
  +1.29000000000e-04
  +1.29200000000e-04
  +1.29400000000e-04
  +1.29600000000e-04
  +1.29800000000e-04
  +1.30000000000e-04
  +1.30200000000e-04
  +1.30400000000e-04
  +1.30600000000e-04
  +1.30800000000e-04
  +1.31000000000e-04
  +1.31200000000e-04
  +1.31400000000e-04
  +1.31600000000e-04
  +1.31800000000e-04
  +1.32000000000e-04
  +1.32200000000e-04
  +1.32400000000e-04
  +1.32600000000e-04
  +1.32800000000e-04
  +1.33000000000e-04
  +1.33200000000e-04
  +1.33400000000e-04
  +1.33600000000e-04
  +1.33800000000e-04
  +1.34000000000e-04
  +1.34200000000e-04
  +1.34400000000e-04
  +1.34600000000e-04
  +1.34800000000e-04
  +1.35000000000e-04
  +1.35200000000e-04
  +1.35400000000e-04
  +1.35600000000e-04
  +1.35800000000e-04
  +1.36000000000e-04
  +1.36200000000e-04
  +1.36400000000e-04
  +1.36600000000e-04
  +1.36800000000e-04
  +1.37000000000e-04
  +1.37200000000e-04
  +1.37400000000e-04
  +1.37600000000e-04
  +1.37800000000e-04
  +1.38000000000e-04
  +1.38200000000e-04
  +1.38400000000e-04
  +1.38600000000e-04
  +1.38800000000e-04
  +1.39000000000e-04
  +1.39200000000e-04
  +1.39400000000e-04
  +1.39600000000e-04
  +1.39800000000e-04
  +1.40000000000e-04
  +1.40200000000e-04
  +1.40400000000e-04
  +1.40600000000e-04
  +1.40800000000e-04
  +1.41000000000e-04
  +1.41200000000e-04
  +1.41400000000e-04
  +1.41600000000e-04
  +1.41800000000e-04
  +1.42000000000e-04
  +1.42200000000e-04
  +1.42400000000e-04
  +1.42600000000e-04
  +1.42800000000e-04
  +1.43000000000e-04
  +1.43200000000e-04
  +1.43400000000e-04
  +1.43600000000e-04
  +1.43800000000e-04
  +1.44000000000e-04
  +1.44200000000e-04
  +1.44400000000e-04
  +1.44600000000e-04
  +1.44800000000e-04
  +1.45000000000e-04
  +1.45200000000e-04
  +1.45400000000e-04
  +1.45600000000e-04
  +1.45800000000e-04
  +1.46000000000e-04
  +1.46200000000e-04
  +1.46400000000e-04
  +1.46600000000e-04
  +1.46800000000e-04
  +1.47000000000e-04
  +1.47200000000e-04
  +1.47400000000e-04
  +1.47600000000e-04
  +1.47800000000e-04
  +1.48000000000e-04
  +1.48200000000e-04
  +1.48400000000e-04
  +1.48600000000e-04
  +1.48800000000e-04
  +1.49000000000e-04
  +1.49200000000e-04
  +1.49400000000e-04
  +1.49600000000e-04
  +1.49800000000e-04
  +1.50000000000e-04
  +1.50200000000e-04
  +1.50400000000e-04
  +1.50600000000e-04
  +1.50800000000e-04
  +1.51000000000e-04
  +1.51200000000e-04
  +1.51400000000e-04
  +1.51600000000e-04
  +1.51800000000e-04
  +1.52000000000e-04
  +1.52200000000e-04
  +1.52400000000e-04
  +1.52600000000e-04
  +1.52800000000e-04
  +1.53000000000e-04
  +1.53200000000e-04
  +1.53400000000e-04
  +1.53600000000e-04
  +1.53800000000e-04
  +1.54000000000e-04
  +1.54200000000e-04
  +1.54400000000e-04
  +1.54600000000e-04
  +1.54800000000e-04
  +1.55000000000e-04
  +1.55200000000e-04
  +1.55400000000e-04
  +1.55600000000e-04
  +1.55800000000e-04
  +1.56000000000e-04
  +1.56200000000e-04
  +1.56400000000e-04
  +1.56600000000e-04
  +1.56800000000e-04
  +1.57000000000e-04
  +1.57200000000e-04
  +1.57400000000e-04
  +1.57600000000e-04
  +1.57800000000e-04
  +1.58000000000e-04
  +1.58200000000e-04
  +1.58400000000e-04
  +1.58600000000e-04
  +1.58800000000e-04
  +1.59000000000e-04
  +1.59200000000e-04
  +1.59400000000e-04
  +1.59600000000e-04
  +1.59800000000e-04
  +1.60000000000e-04
  +1.60200000000e-04
  +1.60400000000e-04
  +1.60600000000e-04
  +1.60800000000e-04
  +1.61000000000e-04
  +1.61200000000e-04
  +1.61400000000e-04
  +1.61600000000e-04
  +1.61800000000e-04
  +1.62000000000e-04
  +1.62200000000e-04
  +1.62400000000e-04
  +1.62600000000e-04
  +1.62800000000e-04
  +1.63000000000e-04
  +1.63200000000e-04
  +1.63400000000e-04
  +1.63600000000e-04
  +1.63800000000e-04
  +1.64000000000e-04
  +1.64200000000e-04
  +1.64400000000e-04
  +1.64600000000e-04
  +1.64800000000e-04
  +1.65000000000e-04
  +1.65200000000e-04
  +1.65400000000e-04
  +1.65600000000e-04
  +1.65800000000e-04
  +1.66000000000e-04
  +1.66200000000e-04
  +1.66400000000e-04
  +1.66600000000e-04
  +1.66800000000e-04
  +1.67000000000e-04
  +1.67200000000e-04
  +1.67400000000e-04
  +1.67600000000e-04
  +1.67800000000e-04
  +1.68000000000e-04
  +1.68200000000e-04
  +1.68400000000e-04
  +1.68600000000e-04
  +1.68800000000e-04
  +1.69000000000e-04
  +1.69200000000e-04
  +1.69400000000e-04
  +1.69600000000e-04
  +1.69800000000e-04
  +1.70000000000e-04
  +1.70200000000e-04
  +1.70400000000e-04
  +1.70600000000e-04
  +1.70800000000e-04
  +1.71000000000e-04
  +1.71200000000e-04
  +1.71400000000e-04
  +1.71600000000e-04
  +1.71800000000e-04
  +1.72000000000e-04
  +1.72200000000e-04
  +1.72400000000e-04
  +1.72600000000e-04
  +1.72800000000e-04
  +1.73000000000e-04
  +1.73200000000e-04
  +1.73400000000e-04
  +1.73600000000e-04
  +1.73800000000e-04
  +1.74000000000e-04
  +1.74200000000e-04
  +1.74400000000e-04
  +1.74600000000e-04
  +1.74800000000e-04
  +1.75000000000e-04
  +1.75200000000e-04
  +1.75400000000e-04
  +1.75600000000e-04
  +1.75800000000e-04
  +1.76000000000e-04
  +1.76200000000e-04
  +1.76400000000e-04
  +1.76600000000e-04
  +1.76800000000e-04
  +1.77000000000e-04
  +1.77200000000e-04
  +1.77400000000e-04
  +1.77600000000e-04
  +1.77800000000e-04
  +1.78000000000e-04
  +1.78200000000e-04
  +1.78400000000e-04
  +1.78600000000e-04
  +1.78800000000e-04
  +1.79000000000e-04
  +1.79200000000e-04
  +1.79400000000e-04
  +1.79600000000e-04
  +1.79800000000e-04
  +1.80000000000e-04
  +1.80200000000e-04
  +1.80400000000e-04
  +1.80600000000e-04
  +1.80800000000e-04
  +1.81000000000e-04
  +1.81200000000e-04
  +1.81400000000e-04
  +1.81600000000e-04
  +1.81800000000e-04
  +1.82000000000e-04
  +1.82200000000e-04
  +1.82400000000e-04
  +1.82600000000e-04
  +1.82800000000e-04
  +1.83000000000e-04
  +1.83200000000e-04
  +1.83400000000e-04
  +1.83600000000e-04
  +1.83800000000e-04
  +1.84000000000e-04
  +1.84200000000e-04
  +1.84400000000e-04
  +1.84600000000e-04
  +1.84800000000e-04
  +1.85000000000e-04
  +1.85200000000e-04
  +1.85400000000e-04
  +1.85600000000e-04
  +1.85800000000e-04
  +1.86000000000e-04
  +1.86200000000e-04
  +1.86400000000e-04
  +1.86600000000e-04
  +1.86800000000e-04
  +1.87000000000e-04
  +1.87200000000e-04
  +1.87400000000e-04
  +1.87600000000e-04
  +1.87800000000e-04
  +1.88000000000e-04
  +1.88200000000e-04
  +1.88400000000e-04
  +1.88600000000e-04
  +1.88800000000e-04
  +1.89000000000e-04
  +1.89200000000e-04
  +1.89400000000e-04
  +1.89600000000e-04
  +1.89800000000e-04
  +1.90000000000e-04
  +1.90200000000e-04
  +1.90400000000e-04
  +1.90600000000e-04
  +1.90800000000e-04
  +1.91000000000e-04
  +1.91200000000e-04
  +1.91400000000e-04
  +1.91600000000e-04
  +1.91800000000e-04
  +1.92000000000e-04
  +1.92200000000e-04
  +1.92400000000e-04
  +1.92600000000e-04
  +1.92800000000e-04
  +1.93000000000e-04
  +1.93200000000e-04
  +1.93400000000e-04
  +1.93600000000e-04
  +1.93800000000e-04
  +1.94000000000e-04
  +1.94200000000e-04
  +1.94400000000e-04
  +1.94600000000e-04
  +1.94800000000e-04
  +1.95000000000e-04
  +1.95200000000e-04
  +1.95400000000e-04
  +1.95600000000e-04
  +1.95800000000e-04
  +1.96000000000e-04
  +1.96200000000e-04
  +1.96400000000e-04
  +1.96600000000e-04
  +1.96800000000e-04
  +1.97000000000e-04
  +1.97200000000e-04
  +1.97400000000e-04
  +1.97600000000e-04
  +1.97800000000e-04
  +1.98000000000e-04
  +1.98200000000e-04
  +1.98400000000e-04
  +1.98600000000e-04
  +1.98800000000e-04
  +1.99000000000e-04
  +1.99200000000e-04
  +1.99400000000e-04
  +1.99600000000e-04
  +1.99800000000e-04
  +2.00000000000e-04
</indep>
<dep In.Vt time>
  +0.00000000000e+00
  +1.99317696365e-04
  +3.98388237104e-04
  +5.95865110007e-04
  +7.90957074241e-04
  +9.82879918908e-04
  +1.17086676187e-03
  +1.35417347731e-03
  +1.53207536155e-03
  +1.70384897155e-03
  +1.86881020149e-03
  +2.02629924593e-03
  +2.17568640616e-03
  +2.31637437778e-03
  +2.44780063891e-03
  +2.56943969937e-03
  +2.68080520180e-03
  +2.78145186624e-03
  +2.87097727059e-03
  +2.94902345959e-03
  +3.01527837609e-03
  +3.06947710874e-03
  +3.11140295121e-03
  +3.14088826869e-03
  +3.15781516810e-03
  +3.16211596953e-03
  +3.15377347680e-03
  +3.13282104624e-03
  +3.09934245332e-03
  +3.05347155767e-03
  +2.99539176789e-03
  +2.92533530818e-03
  +2.84358228984e-03
  +2.75045959129e-03
  +2.64633955108e-03
  +2.53163847914e-03
  +2.40681499225e-03
  +2.27236818026e-03
  +2.12883561063e-03
  +1.97679117897e-03
  +1.81684281444e-03
  +1.64963004899e-03
  +1.47582146031e-03
  +1.29611199860e-03
  +1.11122020790e-03
  +9.21885353085e-04
  +7.28864464045e-04
  +5.32929308764e-04
  +3.34863307528e-04
  +1.35458400528e-04
  -6.44881186138e-05
  -2.64176790713e-04
  -4.62809187549e-04
  -6.59591104278e-04
  -8.53735734951e-04
  -1.04446681845e-03
  -1.23102174226e-03
  -1.41265459170e-03
  -1.58863913230e-03
  -1.75827171362e-03
  -1.92087408268e-03
  -2.07579609583e-03
  -2.22241831829e-03
  -2.36015450090e-03
  -2.48845392410e-03
  -2.60680359995e-03
  -2.71473032325e-03
  -2.81180256354e-03
  -2.89763219057e-03
  -2.97187602616e-03
  -3.03423721634e-03
  -3.08446641830e-03
  -3.12236279735e-03
  -3.14777482994e-03
  -3.16060090948e-03
  -3.16078975263e-03
  -3.14834060431e-03
  -3.12330324077e-03
  -3.08577777054e-03
  -3.03591423413e-03
  -2.97391200417e-03
  -2.90001898823e-03
  -2.81453063755e-03
  -2.71778876577e-03
  -2.61018018222e-03
  -2.49213514530e-03
  -2.36412564217e-03
  -2.22666350156e-03
  -2.08029834730e-03
  -1.92561540071e-03
  -1.76323314069e-03
  -1.59380083081e-03
  -1.41799592329e-03
  -1.23652135035e-03
  -1.05010271359e-03
  -8.59485382777e-04
  -6.65431515598e-04
  -4.68713354522e-04
  -2.70118600379e-04
  -7.04428846058e-05
  +1.29514844316e-04
  +3.28954485095e-04
  +5.27078642290e-04
  +7.23094380979e-04
  +9.16218745756e-04
  +1.10567660613e-03
  +1.29071469535e-03
  +1.47058654425e-03
  +1.64457639720e-03
  +1.81199089433e-03
  +1.97216067793e-03
  +2.12444535615e-03
  +2.26823606342e-03
  +2.40295789483e-03
  +2.52807220468e-03
  +2.64307876015e-03
  +2.74751774129e-03
  +2.84097157950e-03
  +2.92306662706e-03
  +2.99347465102e-03
  +3.05191414558e-03
  +3.09815145756e-03
  +3.13200172067e-03
  +3.15332959456e-03
  +3.16204980598e-03
  +3.15812748974e-03
  +3.14157832806e-03
  +3.11246848792e-03
  +3.07091435645e-03
  +3.01708207564e-03
  +2.95118687808e-03
  +2.87349222635e-03
  +2.78430875970e-03
  +2.68399305205e-03
  +2.57294618629e-03
  +2.45161215071e-03
  +2.32047606381e-03
  +2.18006223475e-03
  +2.03093206698e-03
  +1.87368181369e-03
  +1.70894019384e-03
  +1.53736587843e-03
  +1.35964485698e-03
  +1.17648769481e-03
  +9.88626692038e-04
  +7.96812955736e-04
  +6.01813396803e-04
  +4.04407663714e-04
  +2.05385025330e-04
  +5.54121523017e-06
  -1.94324749792e-04
  -3.93413764362e-04
  -5.90929829515e-04
  -7.86083235261e-04
  -9.78093718012e-04
  -1.16619358023e-03
  -1.34963075985e-03
  -1.52767183718e-03
  -1.69960496724e-03
  -1.86474272590e-03
  -2.02242485833e-03
  -2.17202091880e-03
  -2.31293279142e-03
  -2.44459708142e-03
  -2.56648736780e-03
  -2.67811630806e-03
  -2.77903758664e-03
  -2.86884769944e-03
  -2.94718756712e-03
  -3.01374397069e-03
  -3.06825080394e-03
  -3.11049013729e-03
  -3.14029308917e-03
  -3.15754050123e-03
  -3.16216341475e-03
  -3.15414334638e-03
  -3.13351236199e-03
  -3.10035294854e-03
  -3.05479768418e-03
  -2.99702870828e-03
  -2.92727699311e-03
  -2.84582142044e-03
  -2.75298766644e-03
  -2.64914689963e-03
  -2.53471429682e-03
  -2.41014738317e-03
  -2.27594420291e-03
  -2.13264132805e-03
  -1.98081171305e-03
  -1.82106240405e-03
  -1.65403211175e-03
  -1.48038865773e-03
  -1.30082630436e-03
  -1.11606297897e-03
  -9.26836762828e-04
  -7.33904158391e-04
  -5.38036963391e-04
  -3.40013009319e-04
  -1.40625931786e-04
  +5.93239608845e-05
  +2.59036702656e-04
  +4.57713186661e-04
  +6.54557794872e-04
  +8.48779355088e-04
  +1.03961174419e-03
  +1.22628615414e-03
  +1.40804949870e-03
  +1.58417979864e-03
  +1.75397658936e-03
  +1.91676102775e-03
  +2.07188230589e-03
  +2.21872025299e-03
  +2.35668781481e-03
  +2.48523340063e-03
  +2.60384308861e-03
  +2.71204268030e-03
  +2.80939959660e-03
  +2.89552460710e-03
  +2.97007338628e-03
  +3.03274789007e-03
  +3.08329754746e-03
  +3.12152026224e-03
  +3.14726322100e-03
  +3.16042350407e-03
  +3.16094849699e-03
  +3.14883610084e-03
  +3.12413474067e-03
  +3.08694317186e-03
  +3.03741008534e-03
  +2.97573351308e-03
  +2.90216003639e-03
  +2.81698380011e-03
  +2.72054533659e-03
  +2.61323020427e-03
  +2.49546744623e-03
  +2.36772787490e-03
  +2.23052218970e-03
  +2.08439893539e-03
  +1.92994230887e-03
  +1.76776982370e-03
  +1.59852984121e-03
  +1.42289897840e-03
  +1.24157940285e-03
  +1.05529602546e-03
  +8.64793602277e-04
  +6.70833756988e-04
  +4.74191935958e-04
  +2.75654308024e-04
  +7.60146214061e-05
  -1.23928969671e-04
  -3.23377095983e-04
  -5.21532369158e-04
  -7.17602569621e-04
  -9.10803813859e-04
  -1.10036368837e-03
  -1.28552433776e-03
  -1.46554549462e-03
  -1.63970743908e-03
  -1.80731387627e-03
  -1.96769472005e-03
  -2.12020877203e-03
  -2.26424628502e-03
  -2.39923140085e-03
  -2.52462445255e-03
  -2.63992412200e-03
  -2.74466944415e-03
  -2.83844164996e-03
  -2.92086584061e-03
  -2.99161248635e-03
  -3.05039874395e-03
  -3.09698958749e-03
  -3.13119874800e-03
  -3.15288945817e-03
  -3.16197499910e-03
  -3.15841904704e-03
  -3.14223581858e-03
  -3.11349001386e-03
  -3.07229655785e-03
  -3.01882014089e-03
  -2.95327456031e-03
  -2.87592186560e-03
  -2.78707131081e-03
  -2.68707811814e-03
  -2.57634205772e-03
  -2.45530584943e-03
  -2.32445339284e-03
  -2.18430783265e-03
  -2.03542946711e-03
  -1.87841350803e-03
  -1.71388770108e-03
  -1.54250981613e-03
  -1.36496501744e-03
  -1.18196312446e-03
  -9.94235773963e-04
  -8.02533494953e-04
  -6.07610080813e-04
  -4.10255422771e-04
  -2.11258266608e-04
  -1.14159945553e-05
  +1.88472034017e-04
  +3.87606290027e-04
  +5.85190311342e-04
  +7.80431879082e-04
  +9.72551957182e-04
  +1.16078328640e-03
  +1.34437322378e-03
  +1.52258768498e-03
  +1.69470861739e-03
  +1.86004882363e-03
  +2.01795255378e-03
  +2.16778850868e-03
  +2.30895764411e-03
  +2.44089556578e-03
  +2.56307478584e-03
  +2.67500683170e-03
  +2.77624419899e-03
  +2.86638214066e-03
  +2.94506028519e-03
  +3.01196407731e-03
  +3.06682603564e-03
  +3.10942682203e-03
  +3.13959611853e-03
  +3.15721330827e-03
  +3.16220795771e-03
  +3.15456009826e-03
  +3.13430030605e-03
  +3.10150957974e-03
  +3.05631901668e-03
  +2.99890928875e-03
  +2.92950992007e-03
  +2.84839836935e-03
  +2.75589892062e-03
  +2.65238138670e-03
  +2.53825963075e-03
  +2.41398991161e-03
  +2.28006905966e-03
  +2.13703249055e-03
  +1.98545206453e-03
  +1.82593380022e-03
  +1.65911545172e-03
  +1.48566395886e-03
  +1.30627278080e-03
  +1.12165912355e-03
  +9.32561072589e-04
  +7.39734642025e-04
  +5.43950752014e-04
  +3.45992146642e-04
  +1.46650264504e-04
  -5.32779254602e-05
  -2.52993110253e-04
  -4.51696828473e-04
  -6.48594662559e-04
  -8.42899414880e-04
  -1.03383425494e-03
  -1.22063582517e-03
  -1.40255729279e-03
  -1.57887133570e-03
  -1.74887305027e-03
  -1.91188276955e-03
  -2.06724878063e-03
  -2.21434993011e-03
  -2.35259810753e-03
  -2.48144059660e-03
  -2.60036228501e-03
  -2.70888772378e-03
  -2.80658302815e-03
  -2.89305761226e-03
  -2.96796575067e-03
  -3.03100796062e-03
  -3.08193219931e-03
  -3.12053487163e-03
  -3.14666164406e-03
  -3.16020806175e-03
  -3.16111996613e-03
  -3.14939371140e-03
  -3.12507617913e-03
  -3.08826459083e-03
  -3.03910611924e-03
  -2.97779729996e-03
  -2.90458324567e-03
  -2.81975666620e-03
  -2.72365669825e-03
  -2.61666754954e-03
  -2.49921696274e-03
  -2.37177450535e-03
  -2.23484969236e-03
  -2.08898994926e-03
  -1.93477842336e-03
  -1.77283165241e-03
  -1.60379709969e-03
  -1.42835056540e-03
  -1.24719348488e-03
  -1.06104995711e-03
  -8.70650718842e-04
  -6.76776628669e-04
  -4.80191301012e-04
  -2.81683675081e-04
  -8.20488931445e-05
  +1.17914390860e-04
  +3.17406187080e-04
  +5.15628357349e-04
  +7.11788121946e-04
  +9.05100849036e-04
  +1.09478981817e-03
  +1.28010065931e-03
  +1.46029320582e-03
  +1.63464698423e-03
  +1.80246486654e-03
  +1.96307585758e-03
  +2.11583777787e-03
  +2.26013983129e-03
  +2.39540504724e-03
  +2.52109258762e-03
  +2.63669990924e-03
  +2.74176477318e-03
  +2.83586709301e-03
  +2.91863061441e-03
  +2.98972441957e-03
  +3.04886425037e-03
  +3.09581364485e-03
  +3.13038488276e-03
  +3.15243973607e-03
  +3.16189002170e-03
  +3.15869795405e-03
  +3.14287629614e-03
  +3.11448830855e-03
  +3.07364749649e-03
  +3.02051715594e-03
  +2.95530972078e-03
  +2.87828591337e-03
  +2.78975370210e-03
  +2.69006707003e-03
  +2.57962459951e-03
  +2.45886787858e-03
  +2.32827973525e-03
  +2.18838230705e-03
  +2.03973495333e-03
  +1.88293201871e-03
  +1.71860045671e-03
  +1.54739732298e-03
  +1.37000714813e-03
  +1.18713920072e-03
  +9.99524651428e-04
  +8.07913649487e-04
  +6.13072323372e-04
  +4.15779717536e-04
  +2.16824677511e-04
  +1.70026958300e-05
  -1.82887268635e-04
  -3.82045985194e-04
  -5.79677146942e-04
  -7.74990554682e-04
  -9.67205276412e-04
  -1.15555276977e-03
  -1.33927995495e-03
  -1.51765222576e-03
  -1.68995638684e-03
  -1.85550350530e-03
  -2.01363166527e-03
  -2.16370861452e-03
  -2.30513429237e-03
  -2.43734322901e-03
  -2.55980680641e-03
  -2.67203537193e-03
  -2.77358019611e-03
  -2.86403526688e-03
  -2.94303891290e-03
  -3.01027524969e-03
  -3.06547544264e-03
  -3.10841878186e-03
  -3.13893356471e-03
  -3.15689778231e-03
  -3.16223960738e-03
  -3.15493768142e-03
  -3.13502120009e-03
  -3.10256979653e-03
  -3.05771322292e-03
  -3.00063083168e-03
  -2.93155085838e-03
  -2.85074950915e-03
  -2.75854985633e-03
  -2.65532054670e-03
  -2.54147432751e-03
  -2.41746639616e-03
  -2.28379258018e-03
  -2.14098735468e-03
  -1.98962170542e-03
  -1.83030084574e-03
  -1.66366179670e-03
  -1.49037084009e-03
  -1.31112085438e-03
  -1.12662854433e-03
  -9.37631575371e-04
  -7.44885624145e-04
  -5.49161357057e-04
  -3.51236157946e-04
  -1.51904627708e-04
  +4.80347965107e-05
  +2.47782192581e-04
  +4.46538543159e-04
  +6.38132525406e-04
  +6.32675425192e-04
  +6.24688815550e-04
  +6.14204537739e-04
  +6.01264510626e-04
  +5.85920471802e-04
  +5.68233770720e-04
  +5.48275123405e-04
  +5.26124329714e-04
  +5.01869954274e-04
  +4.75608972381e-04
  +4.47446382261e-04
  +4.17494785265e-04
  +3.85873935660e-04
  +3.52710261817e-04
  +3.18136360719e-04
  +2.82290467805e-04
  +2.45315904266e-04
  +2.07360504013e-04
  +1.68576022596e-04
  +1.29117530448e-04
  +8.91427928704e-05
  +4.88116392492e-05
  +8.28532401386e-06
  -3.22741180993e-05
  -7.27045199040e-05
  -1.12844230151e-04
  -1.52532759850e-04
  -1.91611423951e-04
  -2.29923975801e-04
  -2.67317231865e-04
  -3.03641684192e-04
  -3.38752098185e-04
  -3.72508093287e-04
  -4.04774704261e-04
  -4.35422920814e-04
  -4.64330203414e-04
  -4.91380973236e-04
  -5.16467074275e-04
  -5.39488205781e-04
  -5.60352323291e-04
  -5.78976006642e-04
  -5.95284793511e-04
  -6.09213477130e-04
  -6.20706367005e-04
  -6.29717511576e-04
  -6.36210881945e-04
  -6.40160515932e-04
  -6.41550621874e-04
  -6.40375641765e-04
  -6.36640273482e-04
  -6.30359451998e-04
  -6.21558289667e-04
  -6.10271975825e-04
  -5.96545636085e-04
  -5.80434151920e-04
  -5.62001941228e-04
  -5.41322700777e-04
  -5.18479111542e-04
  -4.93562508127e-04
  -4.66672513585e-04
  -4.37916641101e-04
  -4.07409864122e-04
  -3.75274156669e-04
  -3.41638005647e-04
  -3.06635897127e-04
  -2.70407778632e-04
  -2.33098499590e-04
  -1.94857232192e-04
  -1.55836874959e-04
  -1.16193441416e-04
  -7.60854363097e-05
  -3.56732218631e-05
  +4.88162339184e-06
  +4.54169506483e-05
  +8.57706891375e-05
  +1.25781494130e-04
  +1.65289392033e-04
  +2.04136420007e-04
  +2.42167257543e-04
  +2.79229847472e-04
  +3.15176003932e-04
  +3.49862004851e-04
  +3.83149166587e-04
  +4.14904398418e-04
  +4.45000734680e-04
  +4.73317842401e-04
  +4.99742502429e-04
  +5.24169062107e-04
  +5.46499857705e-04
  +5.66645604900e-04
  +5.84525755762e-04
  +6.00068820803e-04
  +6.13212654811e-04
  +6.23904705322e-04
  +6.32102222743e-04
  +6.37772431267e-04
  +6.40892659928e-04
  +6.41450433243e-04
  +6.39443521087e-04
  +6.34879947618e-04
  +6.27777959187e-04
  +6.18165951390e-04
  +6.06082355530e-04
  +5.91575484963e-04
  +5.74703341925e-04
  +5.55533385629e-04
  +5.34142262539e-04
  +5.10615499922e-04
  +4.85047163887e-04
  +4.57539483285e-04
  +4.28202440967e-04
  +3.97153334051e-04
  +3.64516304931e-04
  +3.30421844929e-04
  +2.95006272553e-04
  +2.58411188463e-04
  +2.20782909309e-04
  +1.82271882729e-04
  +1.43032085811e-04
  +1.03220409456e-04
  +6.29960310890e-05
  +2.25197782247e-05
  -1.80465145632e-05
  -5.85406526977e-05
  -9.88007300949e-05
  -1.38665776506e-04
  -1.77976401120e-04
  -2.16575429848e-04
  -2.54308533744e-04
  -2.91024846057e-04
  -3.26577565432e-04
  -3.60824542862e-04
  -3.93628850033e-04
  -4.24859326804e-04
  -4.54391105615e-04
  -4.82106110742e-04
  -5.07893530396e-04
  -5.31650259774e-04
  -5.53281313299e-04
  -5.72700204401e-04
  -5.89829291308e-04
  -6.04600087481e-04
  -6.16953535439e-04
  -6.26840242889e-04
  -6.34220680205e-04
  -6.39065338482e-04
  -6.41354847518e-04
  -6.41080053260e-04
  -6.38242054408e-04
  -6.32852198018e-04
  -6.24932034136e-04
  -6.14513229636e-04
  -6.01637441603e-04
  -5.86356150783e-04
  -5.68730455747e-04
  -5.48830828603e-04
  -5.26736833230e-04
  -5.02536807159e-04
  -4.76327508384e-04
  -4.48213728488e-04
  -4.18307873667e-04
  -3.86729515299e-04
  -3.53604911862e-04
  -3.19066504128e-04
  -2.83252385621e-04
  -2.46305750493e-04
  -2.08374320989e-04
  -1.69609756817e-04
  -1.30167048776e-04
  -9.02038990585e-05
  -4.98800907192e-05
  -9.35684881917e-06
  +3.12038041932e-05
  +7.16396962901e-05
  +1.11789154270e-04
  +1.51491650171e-04
  +1.90588443100e-04
  +2.28923213921e-04
  +2.66342690263e-04
  +3.02697259337e-04
  +3.37841566134e-04
  +3.71635094583e-04
  +4.03942729380e-04
  +4.34635296208e-04
  +4.63590078211e-04
  +4.90691306648e-04
  +5.15830623768e-04
  +5.38907516050e-04
  +5.59829716084e-04
  +5.78513571479e-04
  +5.94884379328e-04
  +6.08876684887e-04
  +6.20434543284e-04
  +6.29511743199e-04
  +6.36071991628e-04
  +6.40089058994e-04
  +6.41546884018e-04
  +6.40439637937e-04
  +6.36771747809e-04
  +6.30557878810e-04
  +6.21822875604e-04
  +6.10601663002e-04
  +5.96939106327e-04
  +5.80889832031e-04
  +5.62518009281e-04
  +5.41897093398e-04
  +5.19109532160e-04
  +4.94246436156e-04
  +4.67407214504e-04
  +4.38699177384e-04
  +4.08237106986e-04
  +3.76142798582e-04
  +3.42544573553e-04
  +3.07576766332e-04
  +2.71379187296e-04
  +2.34096563770e-04
  +1.95877961367e-04
  +1.56876187989e-04
  +1.17247182858e-04
  +7.71493930311e-05
  +3.67431398887e-05
  -3.81002187230e-06
  -4.43479501761e-05
  -8.47085638542e-05
  -1.24730490688e-04
  -1.64253712618e-04
  -2.03120205534e-04
  -2.41174571101e-04
  -2.78264658080e-04
  -3.14242170667e-04
  -3.48963261422e-04
  -3.82289106402e-04
  -4.14086460223e-04
  -4.44228188804e-04
  -4.72593777683e-04
  -4.99069813867e-04
  -5.23550439285e-04
  -5.45937774038e-04
  -5.66142307745e-04
  -5.84083257431e-04
  -5.99688890520e-04
  -6.12896811635e-04
  -6.23654212077e-04
  -6.31918080965e-04
  -6.37655377203e-04
  -6.40843161592e-04
  -6.41468688540e-04
  -6.39529457030e-04
  -6.35033220611e-04
  -6.27997956405e-04
  -6.18451793227e-04
  -6.06432899116e-04
  -5.91989328734e-04
  -5.75178831226e-04
  -5.56068619330e-04
  -5.34735100637e-04
  -5.11263572096e-04
  -4.85747878977e-04
  -4.58290039649e-04
  -4.28999837686e-04
  -3.97994382925e-04
  -3.65397643229e-04
  -3.31339948832e-04
  -2.95957471243e-04
  -2.59391678799e-04
  -2.21788771037e-04
  -1.83299094153e-04
  -1.44076539871e-04
  -1.04277930155e-04
  -6.40623901845e-05
  -2.35907121356e-05
  +1.69752877088e-05
  +5.74734159431e-05
  +9.77417505299e-05
  +1.37619288206e-04
  +1.76946588217e-04
  +2.15566409801e-04
  +2.53324340878e-04
  +2.90069415431e-04
  +3.25654717106e-04
  +3.59937966622e-04
  +3.92782090642e-04
  +4.24055769826e-04
  +4.53633963879e-04
  +4.81398411499e-04
  +5.07238103210e-04
  +5.31049725213e-04
  +5.52738072457e-04
  +5.72216429296e-04
  +5.89406916198e-04
  +6.04240801131e-04
  +6.16658774370e-04
  +6.26611185632e-04
  +6.34058242591e-04
  +6.38970169978e-04
  +6.41327328632e-04
  +6.41120294021e-04
  +6.38349893922e-04
  +6.33027205115e-04
  +6.25173509093e-04
  +6.14820206971e-04
  +6.02008693943e-04
  +5.86790193764e-04
  +5.69225553953e-04
  +5.49385002502e-04
  +5.27347867090e-04
  +5.03202257910e-04
  +4.77044715379e-04
  +4.48979824148e-04
  +4.19119794943e-04
  +3.87584015918e-04
  +3.54498575309e-04
  +3.19995757304e-04
  +2.84213513132e-04
  +2.47294909500e-04
  +2.09387556577e-04
  +1.70643017808e-04
  +1.31216203923e-04
  +9.12647535672e-05
  +5.09484030178e-05
  +1.04283475175e-05
  -3.01334032252e-05
  -7.05746727937e-05
  -1.10733766486e-04
  -1.50450117814e-04
  -1.89564930486e-04
  -2.27921813320e-04
  -2.65367405535e-04
  -3.01751989924e-04
  -3.36930091467e-04
  -3.70761058977e-04
  -4.03109627455e-04
  -4.33846458921e-04
  -4.62848659539e-04
  -4.90000270976e-04
  -5.15192734036e-04
  -5.38325322707e-04
  -5.59305546890e-04
  -5.78049522199e-04
  -5.94482305350e-04
  -6.08538193809e-04
  -6.20160988481e-04
  -6.29304218414e-04
  -6.35931326599e-04
  -6.40015816136e-04
  -6.41541356175e-04
  -6.40501847211e-04
  -6.36901445471e-04
  -6.30754546295e-04
  -6.22085726584e-04
  -6.10929646531e-04
  -5.97330911042e-04
  -5.81343891395e-04
  -5.63032507846e-04
  -5.42469974065e-04
  -5.19738504404e-04
  -4.94928985182e-04
  -4.68140611304e-04
  -4.39480489647e-04
  -4.09063210822e-04
  -3.77010391014e-04
  -3.43450185721e-04
  -3.08516777363e-04
  -2.72349838782e-04
  -2.35093974794e-04
  -1.96898144021e-04
  -1.57915063317e-04
  -1.18300597167e-04
  -7.82131344968e-05
  -3.78129553965e-05
  +2.73840972262e-06
  +4.32788259683e-05
  +8.36462022247e-05
  +1.23679139235e-04
  +1.63217574916e-04
  +2.02103424332e-04
  +2.40181211755e-04
  +2.77298692298e-04
  +3.13307460632e-04
  +3.48063544346e-04
  +3.81427979589e-04
  +4.13267366681e-04
  +4.43454403481e-04
  +4.71868394375e-04
  +4.98395732844e-04
  +5.22930355699e-04
  +5.45374167144e-04
  +5.65637430989e-04
  +5.83639129442e-04
  +5.99307287037e-04
  +6.12579258408e-04
  +6.23401978767e-04
  +6.31732176065e-04
  +6.37536544010e-04
  +6.40791875231e-04
  +6.41485154068e-04
  +6.39613608613e-04
  +6.35184721789e-04
  +6.28216201438e-04
  +6.18735909514e-04
  +6.06781750686e-04
  +5.92401520788e-04
  +5.75652715714e-04
  +5.56602301538e-04
  +5.35326446764e-04
  +5.11910217788e-04
  +4.86447238776e-04
  +4.59039317332e-04
  +4.29796037447e-04
  +3.98834321351e-04
  +3.66277962027e-04
  +3.32257128259e-04
  +2.96907844177e-04
  +2.60371445403e-04
  +2.22794013950e-04
  +1.84325794151e-04
  +1.45120591942e-04
  +1.05335159907e-04
  +6.51285705386e-05
  +2.46615802257e-05
  -1.59040134915e-05
  -5.64060188313e-05
  -9.66824982544e-05
  -1.36572415933e-04
  -1.75916281614e-04
  -2.14556788300e-04
  -2.52339441209e-04
  -2.89113175479e-04
  -3.24730960166e-04
  -3.59050386115e-04
  -3.91934235345e-04
  -4.23251029685e-04
  -4.52875556454e-04
  -4.80689369100e-04
  -5.06581260773e-04
  -5.30447708964e-04
  -5.52193289414e-04
  -5.71731057642e-04
  -5.88982896576e-04
  -6.03879828882e-04
  -6.16362292754e-04
  -6.26380380059e-04
  -6.33894035883e-04
  -6.38873218675e-04
  -6.41298020372e-04
  -6.41158745984e-04
  -6.38455952369e-04
  -6.33200445995e-04
  -6.25413239744e-04
  -6.15125468889e-04
  -6.02378266611e-04
  -5.87222599535e-04
  -5.69719063955e-04
  -5.49937643555e-04
  -5.27957429591e-04
  -5.03866304670e-04
  -4.77760591366e-04
  -4.49744667105e-04
  -4.19930546828e-04
  -3.88437435135e-04
  -3.55391249666e-04
  -3.20924117657e-04
  -2.85173847654e-04
  -2.48283378526e-04
  -2.10400207950e-04
  -1.71675802685e-04
  -1.32264992962e-04
  -9.23253534371e-05
  -5.20165731646e-05
  -1.14998171196e-05
  +2.90629181818e-05
  +6.95094523862e-05
  +1.09678069743e-04
  +1.49408165684e-04
  +1.88540888965e-04
  +2.26919776792e-04
  +2.64391380402e-04
  +3.00805878588e-04
  +3.36017676728e-04
  +3.69885988905e-04
  +4.02275400808e-04
  +4.33056411154e-04
  +4.62105949468e-04
  +4.89307868148e-04
  +5.14553406858e-04
  +5.37741627376e-04
  +5.58779817171e-04
  +5.77583860095e-04
  +5.94078572701e-04
  +6.08198004841e-04
  +6.19885703359e-04
  +6.29094937799e-04
  +6.35788887250e-04
  +6.39940787562e-04
  +6.41534038360e-04
  +6.40562269413e-04
  +6.37029366106e-04
  +6.30949453904e-04
  +6.22346841876e-04
  +6.11255925498e-04
</dep>
