<Qucs Dataset 0.0.15>
<indep time 1001>
  +0.00000000000e+000
  +3.00000000000e-006
  +6.00000000000e-006
  +9.00000000000e-006
  +1.20000000000e-005
  +1.50000000000e-005
  +1.80000000000e-005
  +2.10000000000e-005
  +2.40000000000e-005
  +2.70000000000e-005
  +3.00000000000e-005
  +3.30000000000e-005
  +3.60000000000e-005
  +3.90000000000e-005
  +4.20000000000e-005
  +4.50000000000e-005
  +4.80000000000e-005
  +5.10000000000e-005
  +5.40000000000e-005
  +5.70000000000e-005
  +6.00000000000e-005
  +6.30000000000e-005
  +6.60000000000e-005
  +6.90000000000e-005
  +7.20000000000e-005
  +7.50000000000e-005
  +7.80000000000e-005
  +8.10000000000e-005
  +8.40000000000e-005
  +8.70000000000e-005
  +9.00000000000e-005
  +9.30000000000e-005
  +9.60000000000e-005
  +9.90000000000e-005
  +1.02000000000e-004
  +1.05000000000e-004
  +1.08000000000e-004
  +1.11000000000e-004
  +1.14000000000e-004
  +1.17000000000e-004
  +1.20000000000e-004
  +1.23000000000e-004
  +1.26000000000e-004
  +1.29000000000e-004
  +1.32000000000e-004
  +1.35000000000e-004
  +1.38000000000e-004
  +1.41000000000e-004
  +1.44000000000e-004
  +1.47000000000e-004
  +1.50000000000e-004
  +1.53000000000e-004
  +1.56000000000e-004
  +1.59000000000e-004
  +1.62000000000e-004
  +1.65000000000e-004
  +1.68000000000e-004
  +1.71000000000e-004
  +1.74000000000e-004
  +1.77000000000e-004
  +1.80000000000e-004
  +1.83000000000e-004
  +1.86000000000e-004
  +1.89000000000e-004
  +1.92000000000e-004
  +1.95000000000e-004
  +1.98000000000e-004
  +2.01000000000e-004
  +2.04000000000e-004
  +2.07000000000e-004
  +2.10000000000e-004
  +2.13000000000e-004
  +2.16000000000e-004
  +2.19000000000e-004
  +2.22000000000e-004
  +2.25000000000e-004
  +2.28000000000e-004
  +2.31000000000e-004
  +2.34000000000e-004
  +2.37000000000e-004
  +2.40000000000e-004
  +2.43000000000e-004
  +2.46000000000e-004
  +2.49000000000e-004
  +2.52000000000e-004
  +2.55000000000e-004
  +2.58000000000e-004
  +2.61000000000e-004
  +2.64000000000e-004
  +2.67000000000e-004
  +2.70000000000e-004
  +2.73000000000e-004
  +2.76000000000e-004
  +2.79000000000e-004
  +2.82000000000e-004
  +2.85000000000e-004
  +2.88000000000e-004
  +2.91000000000e-004
  +2.94000000000e-004
  +2.97000000000e-004
  +3.00000000000e-004
  +3.03000000000e-004
  +3.06000000000e-004
  +3.09000000000e-004
  +3.12000000000e-004
  +3.15000000000e-004
  +3.18000000000e-004
  +3.21000000000e-004
  +3.24000000000e-004
  +3.27000000000e-004
  +3.30000000000e-004
  +3.33000000000e-004
  +3.36000000000e-004
  +3.39000000000e-004
  +3.42000000000e-004
  +3.45000000000e-004
  +3.48000000000e-004
  +3.51000000000e-004
  +3.54000000000e-004
  +3.57000000000e-004
  +3.60000000000e-004
  +3.63000000000e-004
  +3.66000000000e-004
  +3.69000000000e-004
  +3.72000000000e-004
  +3.75000000000e-004
  +3.78000000000e-004
  +3.81000000000e-004
  +3.84000000000e-004
  +3.87000000000e-004
  +3.90000000000e-004
  +3.93000000000e-004
  +3.96000000000e-004
  +3.99000000000e-004
  +4.02000000000e-004
  +4.05000000000e-004
  +4.08000000000e-004
  +4.11000000000e-004
  +4.14000000000e-004
  +4.17000000000e-004
  +4.20000000000e-004
  +4.23000000000e-004
  +4.26000000000e-004
  +4.29000000000e-004
  +4.32000000000e-004
  +4.35000000000e-004
  +4.38000000000e-004
  +4.41000000000e-004
  +4.44000000000e-004
  +4.47000000000e-004
  +4.50000000000e-004
  +4.53000000000e-004
  +4.56000000000e-004
  +4.59000000000e-004
  +4.62000000000e-004
  +4.65000000000e-004
  +4.68000000000e-004
  +4.71000000000e-004
  +4.74000000000e-004
  +4.77000000000e-004
  +4.80000000000e-004
  +4.83000000000e-004
  +4.86000000000e-004
  +4.89000000000e-004
  +4.92000000000e-004
  +4.95000000000e-004
  +4.98000000000e-004
  +5.01000000000e-004
  +5.04000000000e-004
  +5.07000000000e-004
  +5.10000000000e-004
  +5.13000000000e-004
  +5.16000000000e-004
  +5.19000000000e-004
  +5.22000000000e-004
  +5.25000000000e-004
  +5.28000000000e-004
  +5.31000000000e-004
  +5.34000000000e-004
  +5.37000000000e-004
  +5.40000000000e-004
  +5.43000000000e-004
  +5.46000000000e-004
  +5.49000000000e-004
  +5.52000000000e-004
  +5.55000000000e-004
  +5.58000000000e-004
  +5.61000000000e-004
  +5.64000000000e-004
  +5.67000000000e-004
  +5.70000000000e-004
  +5.73000000000e-004
  +5.76000000000e-004
  +5.79000000000e-004
  +5.82000000000e-004
  +5.85000000000e-004
  +5.88000000000e-004
  +5.91000000000e-004
  +5.94000000000e-004
  +5.97000000000e-004
  +6.00000000000e-004
  +6.03000000000e-004
  +6.06000000000e-004
  +6.09000000000e-004
  +6.12000000000e-004
  +6.15000000000e-004
  +6.18000000000e-004
  +6.21000000000e-004
  +6.24000000000e-004
  +6.27000000000e-004
  +6.30000000000e-004
  +6.33000000000e-004
  +6.36000000000e-004
  +6.39000000000e-004
  +6.42000000000e-004
  +6.45000000000e-004
  +6.48000000000e-004
  +6.51000000000e-004
  +6.54000000000e-004
  +6.57000000000e-004
  +6.60000000000e-004
  +6.63000000000e-004
  +6.66000000000e-004
  +6.69000000000e-004
  +6.72000000000e-004
  +6.75000000000e-004
  +6.78000000000e-004
  +6.81000000000e-004
  +6.84000000000e-004
  +6.87000000000e-004
  +6.90000000000e-004
  +6.93000000000e-004
  +6.96000000000e-004
  +6.99000000000e-004
  +7.02000000000e-004
  +7.05000000000e-004
  +7.08000000000e-004
  +7.11000000000e-004
  +7.14000000000e-004
  +7.17000000000e-004
  +7.20000000000e-004
  +7.23000000000e-004
  +7.26000000000e-004
  +7.29000000000e-004
  +7.32000000000e-004
  +7.35000000000e-004
  +7.38000000000e-004
  +7.41000000000e-004
  +7.44000000000e-004
  +7.47000000000e-004
  +7.50000000000e-004
  +7.53000000000e-004
  +7.56000000000e-004
  +7.59000000000e-004
  +7.62000000000e-004
  +7.65000000000e-004
  +7.68000000000e-004
  +7.71000000000e-004
  +7.74000000000e-004
  +7.77000000000e-004
  +7.80000000000e-004
  +7.83000000000e-004
  +7.86000000000e-004
  +7.89000000000e-004
  +7.92000000000e-004
  +7.95000000000e-004
  +7.98000000000e-004
  +8.01000000000e-004
  +8.04000000000e-004
  +8.07000000000e-004
  +8.10000000000e-004
  +8.13000000000e-004
  +8.16000000000e-004
  +8.19000000000e-004
  +8.22000000000e-004
  +8.25000000000e-004
  +8.28000000000e-004
  +8.31000000000e-004
  +8.34000000000e-004
  +8.37000000000e-004
  +8.40000000000e-004
  +8.43000000000e-004
  +8.46000000000e-004
  +8.49000000000e-004
  +8.52000000000e-004
  +8.55000000000e-004
  +8.58000000000e-004
  +8.61000000000e-004
  +8.64000000000e-004
  +8.67000000000e-004
  +8.70000000000e-004
  +8.73000000000e-004
  +8.76000000000e-004
  +8.79000000000e-004
  +8.82000000000e-004
  +8.85000000000e-004
  +8.88000000000e-004
  +8.91000000000e-004
  +8.94000000000e-004
  +8.97000000000e-004
  +9.00000000000e-004
  +9.03000000000e-004
  +9.06000000000e-004
  +9.09000000000e-004
  +9.12000000000e-004
  +9.15000000000e-004
  +9.18000000000e-004
  +9.21000000000e-004
  +9.24000000000e-004
  +9.27000000000e-004
  +9.30000000000e-004
  +9.33000000000e-004
  +9.36000000000e-004
  +9.39000000000e-004
  +9.42000000000e-004
  +9.45000000000e-004
  +9.48000000000e-004
  +9.51000000000e-004
  +9.54000000000e-004
  +9.57000000000e-004
  +9.60000000000e-004
  +9.63000000000e-004
  +9.66000000000e-004
  +9.69000000000e-004
  +9.72000000000e-004
  +9.75000000000e-004
  +9.78000000000e-004
  +9.81000000000e-004
  +9.84000000000e-004
  +9.87000000000e-004
  +9.90000000000e-004
  +9.93000000000e-004
  +9.96000000000e-004
  +9.99000000000e-004
  +1.00200000000e-003
  +1.00500000000e-003
  +1.00800000000e-003
  +1.01100000000e-003
  +1.01400000000e-003
  +1.01700000000e-003
  +1.02000000000e-003
  +1.02300000000e-003
  +1.02600000000e-003
  +1.02900000000e-003
  +1.03200000000e-003
  +1.03500000000e-003
  +1.03800000000e-003
  +1.04100000000e-003
  +1.04400000000e-003
  +1.04700000000e-003
  +1.05000000000e-003
  +1.05300000000e-003
  +1.05600000000e-003
  +1.05900000000e-003
  +1.06200000000e-003
  +1.06500000000e-003
  +1.06800000000e-003
  +1.07100000000e-003
  +1.07400000000e-003
  +1.07700000000e-003
  +1.08000000000e-003
  +1.08300000000e-003
  +1.08600000000e-003
  +1.08900000000e-003
  +1.09200000000e-003
  +1.09500000000e-003
  +1.09800000000e-003
  +1.10100000000e-003
  +1.10400000000e-003
  +1.10700000000e-003
  +1.11000000000e-003
  +1.11300000000e-003
  +1.11600000000e-003
  +1.11900000000e-003
  +1.12200000000e-003
  +1.12500000000e-003
  +1.12800000000e-003
  +1.13100000000e-003
  +1.13400000000e-003
  +1.13700000000e-003
  +1.14000000000e-003
  +1.14300000000e-003
  +1.14600000000e-003
  +1.14900000000e-003
  +1.15200000000e-003
  +1.15500000000e-003
  +1.15800000000e-003
  +1.16100000000e-003
  +1.16400000000e-003
  +1.16700000000e-003
  +1.17000000000e-003
  +1.17300000000e-003
  +1.17600000000e-003
  +1.17900000000e-003
  +1.18200000000e-003
  +1.18500000000e-003
  +1.18800000000e-003
  +1.19100000000e-003
  +1.19400000000e-003
  +1.19700000000e-003
  +1.20000000000e-003
  +1.20300000000e-003
  +1.20600000000e-003
  +1.20900000000e-003
  +1.21200000000e-003
  +1.21500000000e-003
  +1.21800000000e-003
  +1.22100000000e-003
  +1.22400000000e-003
  +1.22700000000e-003
  +1.23000000000e-003
  +1.23300000000e-003
  +1.23600000000e-003
  +1.23900000000e-003
  +1.24200000000e-003
  +1.24500000000e-003
  +1.24800000000e-003
  +1.25100000000e-003
  +1.25400000000e-003
  +1.25700000000e-003
  +1.26000000000e-003
  +1.26300000000e-003
  +1.26600000000e-003
  +1.26900000000e-003
  +1.27200000000e-003
  +1.27500000000e-003
  +1.27800000000e-003
  +1.28100000000e-003
  +1.28400000000e-003
  +1.28700000000e-003
  +1.29000000000e-003
  +1.29300000000e-003
  +1.29600000000e-003
  +1.29900000000e-003
  +1.30200000000e-003
  +1.30500000000e-003
  +1.30800000000e-003
  +1.31100000000e-003
  +1.31400000000e-003
  +1.31700000000e-003
  +1.32000000000e-003
  +1.32300000000e-003
  +1.32600000000e-003
  +1.32900000000e-003
  +1.33200000000e-003
  +1.33500000000e-003
  +1.33800000000e-003
  +1.34100000000e-003
  +1.34400000000e-003
  +1.34700000000e-003
  +1.35000000000e-003
  +1.35300000000e-003
  +1.35600000000e-003
  +1.35900000000e-003
  +1.36200000000e-003
  +1.36500000000e-003
  +1.36800000000e-003
  +1.37100000000e-003
  +1.37400000000e-003
  +1.37700000000e-003
  +1.38000000000e-003
  +1.38300000000e-003
  +1.38600000000e-003
  +1.38900000000e-003
  +1.39200000000e-003
  +1.39500000000e-003
  +1.39800000000e-003
  +1.40100000000e-003
  +1.40400000000e-003
  +1.40700000000e-003
  +1.41000000000e-003
  +1.41300000000e-003
  +1.41600000000e-003
  +1.41900000000e-003
  +1.42200000000e-003
  +1.42500000000e-003
  +1.42800000000e-003
  +1.43100000000e-003
  +1.43400000000e-003
  +1.43700000000e-003
  +1.44000000000e-003
  +1.44300000000e-003
  +1.44600000000e-003
  +1.44900000000e-003
  +1.45200000000e-003
  +1.45500000000e-003
  +1.45800000000e-003
  +1.46100000000e-003
  +1.46400000000e-003
  +1.46700000000e-003
  +1.47000000000e-003
  +1.47300000000e-003
  +1.47600000000e-003
  +1.47900000000e-003
  +1.48200000000e-003
  +1.48500000000e-003
  +1.48800000000e-003
  +1.49100000000e-003
  +1.49400000000e-003
  +1.49700000000e-003
  +1.50000000000e-003
  +1.50300000000e-003
  +1.50600000000e-003
  +1.50900000000e-003
  +1.51200000000e-003
  +1.51500000000e-003
  +1.51800000000e-003
  +1.52100000000e-003
  +1.52400000000e-003
  +1.52700000000e-003
  +1.53000000000e-003
  +1.53300000000e-003
  +1.53600000000e-003
  +1.53900000000e-003
  +1.54200000000e-003
  +1.54500000000e-003
  +1.54800000000e-003
  +1.55100000000e-003
  +1.55400000000e-003
  +1.55700000000e-003
  +1.56000000000e-003
  +1.56300000000e-003
  +1.56600000000e-003
  +1.56900000000e-003
  +1.57200000000e-003
  +1.57500000000e-003
  +1.57800000000e-003
  +1.58100000000e-003
  +1.58400000000e-003
  +1.58700000000e-003
  +1.59000000000e-003
  +1.59300000000e-003
  +1.59600000000e-003
  +1.59900000000e-003
  +1.60200000000e-003
  +1.60500000000e-003
  +1.60800000000e-003
  +1.61100000000e-003
  +1.61400000000e-003
  +1.61700000000e-003
  +1.62000000000e-003
  +1.62300000000e-003
  +1.62600000000e-003
  +1.62900000000e-003
  +1.63200000000e-003
  +1.63500000000e-003
  +1.63800000000e-003
  +1.64100000000e-003
  +1.64400000000e-003
  +1.64700000000e-003
  +1.65000000000e-003
  +1.65300000000e-003
  +1.65600000000e-003
  +1.65900000000e-003
  +1.66200000000e-003
  +1.66500000000e-003
  +1.66800000000e-003
  +1.67100000000e-003
  +1.67400000000e-003
  +1.67700000000e-003
  +1.68000000000e-003
  +1.68300000000e-003
  +1.68600000000e-003
  +1.68900000000e-003
  +1.69200000000e-003
  +1.69500000000e-003
  +1.69800000000e-003
  +1.70100000000e-003
  +1.70400000000e-003
  +1.70700000000e-003
  +1.71000000000e-003
  +1.71300000000e-003
  +1.71600000000e-003
  +1.71900000000e-003
  +1.72200000000e-003
  +1.72500000000e-003
  +1.72800000000e-003
  +1.73100000000e-003
  +1.73400000000e-003
  +1.73700000000e-003
  +1.74000000000e-003
  +1.74300000000e-003
  +1.74600000000e-003
  +1.74900000000e-003
  +1.75200000000e-003
  +1.75500000000e-003
  +1.75800000000e-003
  +1.76100000000e-003
  +1.76400000000e-003
  +1.76700000000e-003
  +1.77000000000e-003
  +1.77300000000e-003
  +1.77600000000e-003
  +1.77900000000e-003
  +1.78200000000e-003
  +1.78500000000e-003
  +1.78800000000e-003
  +1.79100000000e-003
  +1.79400000000e-003
  +1.79700000000e-003
  +1.80000000000e-003
  +1.80300000000e-003
  +1.80600000000e-003
  +1.80900000000e-003
  +1.81200000000e-003
  +1.81500000000e-003
  +1.81800000000e-003
  +1.82100000000e-003
  +1.82400000000e-003
  +1.82700000000e-003
  +1.83000000000e-003
  +1.83300000000e-003
  +1.83600000000e-003
  +1.83900000000e-003
  +1.84200000000e-003
  +1.84500000000e-003
  +1.84800000000e-003
  +1.85100000000e-003
  +1.85400000000e-003
  +1.85700000000e-003
  +1.86000000000e-003
  +1.86300000000e-003
  +1.86600000000e-003
  +1.86900000000e-003
  +1.87200000000e-003
  +1.87500000000e-003
  +1.87800000000e-003
  +1.88100000000e-003
  +1.88400000000e-003
  +1.88700000000e-003
  +1.89000000000e-003
  +1.89300000000e-003
  +1.89600000000e-003
  +1.89900000000e-003
  +1.90200000000e-003
  +1.90500000000e-003
  +1.90800000000e-003
  +1.91100000000e-003
  +1.91400000000e-003
  +1.91700000000e-003
  +1.92000000000e-003
  +1.92300000000e-003
  +1.92600000000e-003
  +1.92900000000e-003
  +1.93200000000e-003
  +1.93500000000e-003
  +1.93800000000e-003
  +1.94100000000e-003
  +1.94400000000e-003
  +1.94700000000e-003
  +1.95000000000e-003
  +1.95300000000e-003
  +1.95600000000e-003
  +1.95900000000e-003
  +1.96200000000e-003
  +1.96500000000e-003
  +1.96800000000e-003
  +1.97100000000e-003
  +1.97400000000e-003
  +1.97700000000e-003
  +1.98000000000e-003
  +1.98300000000e-003
  +1.98600000000e-003
  +1.98900000000e-003
  +1.99200000000e-003
  +1.99500000000e-003
  +1.99800000000e-003
  +2.00100000000e-003
  +2.00400000000e-003
  +2.00700000000e-003
  +2.01000000000e-003
  +2.01300000000e-003
  +2.01600000000e-003
  +2.01900000000e-003
  +2.02200000000e-003
  +2.02500000000e-003
  +2.02800000000e-003
  +2.03100000000e-003
  +2.03400000000e-003
  +2.03700000000e-003
  +2.04000000000e-003
  +2.04300000000e-003
  +2.04600000000e-003
  +2.04900000000e-003
  +2.05200000000e-003
  +2.05500000000e-003
  +2.05800000000e-003
  +2.06100000000e-003
  +2.06400000000e-003
  +2.06700000000e-003
  +2.07000000000e-003
  +2.07300000000e-003
  +2.07600000000e-003
  +2.07900000000e-003
  +2.08200000000e-003
  +2.08500000000e-003
  +2.08800000000e-003
  +2.09100000000e-003
  +2.09400000000e-003
  +2.09700000000e-003
  +2.10000000000e-003
  +2.10300000000e-003
  +2.10600000000e-003
  +2.10900000000e-003
  +2.11200000000e-003
  +2.11500000000e-003
  +2.11800000000e-003
  +2.12100000000e-003
  +2.12400000000e-003
  +2.12700000000e-003
  +2.13000000000e-003
  +2.13300000000e-003
  +2.13600000000e-003
  +2.13900000000e-003
  +2.14200000000e-003
  +2.14500000000e-003
  +2.14800000000e-003
  +2.15100000000e-003
  +2.15400000000e-003
  +2.15700000000e-003
  +2.16000000000e-003
  +2.16300000000e-003
  +2.16600000000e-003
  +2.16900000000e-003
  +2.17200000000e-003
  +2.17500000000e-003
  +2.17800000000e-003
  +2.18100000000e-003
  +2.18400000000e-003
  +2.18700000000e-003
  +2.19000000000e-003
  +2.19300000000e-003
  +2.19600000000e-003
  +2.19900000000e-003
  +2.20200000000e-003
  +2.20500000000e-003
  +2.20800000000e-003
  +2.21100000000e-003
  +2.21400000000e-003
  +2.21700000000e-003
  +2.22000000000e-003
  +2.22300000000e-003
  +2.22600000000e-003
  +2.22900000000e-003
  +2.23200000000e-003
  +2.23500000000e-003
  +2.23800000000e-003
  +2.24100000000e-003
  +2.24400000000e-003
  +2.24700000000e-003
  +2.25000000000e-003
  +2.25300000000e-003
  +2.25600000000e-003
  +2.25900000000e-003
  +2.26200000000e-003
  +2.26500000000e-003
  +2.26800000000e-003
  +2.27100000000e-003
  +2.27400000000e-003
  +2.27700000000e-003
  +2.28000000000e-003
  +2.28300000000e-003
  +2.28600000000e-003
  +2.28900000000e-003
  +2.29200000000e-003
  +2.29500000000e-003
  +2.29800000000e-003
  +2.30100000000e-003
  +2.30400000000e-003
  +2.30700000000e-003
  +2.31000000000e-003
  +2.31300000000e-003
  +2.31600000000e-003
  +2.31900000000e-003
  +2.32200000000e-003
  +2.32500000000e-003
  +2.32800000000e-003
  +2.33100000000e-003
  +2.33400000000e-003
  +2.33700000000e-003
  +2.34000000000e-003
  +2.34300000000e-003
  +2.34600000000e-003
  +2.34900000000e-003
  +2.35200000000e-003
  +2.35500000000e-003
  +2.35800000000e-003
  +2.36100000000e-003
  +2.36400000000e-003
  +2.36700000000e-003
  +2.37000000000e-003
  +2.37300000000e-003
  +2.37600000000e-003
  +2.37900000000e-003
  +2.38200000000e-003
  +2.38500000000e-003
  +2.38800000000e-003
  +2.39100000000e-003
  +2.39400000000e-003
  +2.39700000000e-003
  +2.40000000000e-003
  +2.40300000000e-003
  +2.40600000000e-003
  +2.40900000000e-003
  +2.41200000000e-003
  +2.41500000000e-003
  +2.41800000000e-003
  +2.42100000000e-003
  +2.42400000000e-003
  +2.42700000000e-003
  +2.43000000000e-003
  +2.43300000000e-003
  +2.43600000000e-003
  +2.43900000000e-003
  +2.44200000000e-003
  +2.44500000000e-003
  +2.44800000000e-003
  +2.45100000000e-003
  +2.45400000000e-003
  +2.45700000000e-003
  +2.46000000000e-003
  +2.46300000000e-003
  +2.46600000000e-003
  +2.46900000000e-003
  +2.47200000000e-003
  +2.47500000000e-003
  +2.47800000000e-003
  +2.48100000000e-003
  +2.48400000000e-003
  +2.48700000000e-003
  +2.49000000000e-003
  +2.49300000000e-003
  +2.49600000000e-003
  +2.49900000000e-003
  +2.50200000000e-003
  +2.50500000000e-003
  +2.50800000000e-003
  +2.51100000000e-003
  +2.51400000000e-003
  +2.51700000000e-003
  +2.52000000000e-003
  +2.52300000000e-003
  +2.52600000000e-003
  +2.52900000000e-003
  +2.53200000000e-003
  +2.53500000000e-003
  +2.53800000000e-003
  +2.54100000000e-003
  +2.54400000000e-003
  +2.54700000000e-003
  +2.55000000000e-003
  +2.55300000000e-003
  +2.55600000000e-003
  +2.55900000000e-003
  +2.56200000000e-003
  +2.56500000000e-003
  +2.56800000000e-003
  +2.57100000000e-003
  +2.57400000000e-003
  +2.57700000000e-003
  +2.58000000000e-003
  +2.58300000000e-003
  +2.58600000000e-003
  +2.58900000000e-003
  +2.59200000000e-003
  +2.59500000000e-003
  +2.59800000000e-003
  +2.60100000000e-003
  +2.60400000000e-003
  +2.60700000000e-003
  +2.61000000000e-003
  +2.61300000000e-003
  +2.61600000000e-003
  +2.61900000000e-003
  +2.62200000000e-003
  +2.62500000000e-003
  +2.62800000000e-003
  +2.63100000000e-003
  +2.63400000000e-003
  +2.63700000000e-003
  +2.64000000000e-003
  +2.64300000000e-003
  +2.64600000000e-003
  +2.64900000000e-003
  +2.65200000000e-003
  +2.65500000000e-003
  +2.65800000000e-003
  +2.66100000000e-003
  +2.66400000000e-003
  +2.66700000000e-003
  +2.67000000000e-003
  +2.67300000000e-003
  +2.67600000000e-003
  +2.67900000000e-003
  +2.68200000000e-003
  +2.68500000000e-003
  +2.68800000000e-003
  +2.69100000000e-003
  +2.69400000000e-003
  +2.69700000000e-003
  +2.70000000000e-003
  +2.70300000000e-003
  +2.70600000000e-003
  +2.70900000000e-003
  +2.71200000000e-003
  +2.71500000000e-003
  +2.71800000000e-003
  +2.72100000000e-003
  +2.72400000000e-003
  +2.72700000000e-003
  +2.73000000000e-003
  +2.73300000000e-003
  +2.73600000000e-003
  +2.73900000000e-003
  +2.74200000000e-003
  +2.74500000000e-003
  +2.74800000000e-003
  +2.75100000000e-003
  +2.75400000000e-003
  +2.75700000000e-003
  +2.76000000000e-003
  +2.76300000000e-003
  +2.76600000000e-003
  +2.76900000000e-003
  +2.77200000000e-003
  +2.77500000000e-003
  +2.77800000000e-003
  +2.78100000000e-003
  +2.78400000000e-003
  +2.78700000000e-003
  +2.79000000000e-003
  +2.79300000000e-003
  +2.79600000000e-003
  +2.79900000000e-003
  +2.80200000000e-003
  +2.80500000000e-003
  +2.80800000000e-003
  +2.81100000000e-003
  +2.81400000000e-003
  +2.81700000000e-003
  +2.82000000000e-003
  +2.82300000000e-003
  +2.82600000000e-003
  +2.82900000000e-003
  +2.83200000000e-003
  +2.83500000000e-003
  +2.83800000000e-003
  +2.84100000000e-003
  +2.84400000000e-003
  +2.84700000000e-003
  +2.85000000000e-003
  +2.85300000000e-003
  +2.85600000000e-003
  +2.85900000000e-003
  +2.86200000000e-003
  +2.86500000000e-003
  +2.86800000000e-003
  +2.87100000000e-003
  +2.87400000000e-003
  +2.87700000000e-003
  +2.88000000000e-003
  +2.88300000000e-003
  +2.88600000000e-003
  +2.88900000000e-003
  +2.89200000000e-003
  +2.89500000000e-003
  +2.89800000000e-003
  +2.90100000000e-003
  +2.90400000000e-003
  +2.90700000000e-003
  +2.91000000000e-003
  +2.91300000000e-003
  +2.91600000000e-003
  +2.91900000000e-003
  +2.92200000000e-003
  +2.92500000000e-003
  +2.92800000000e-003
  +2.93100000000e-003
  +2.93400000000e-003
  +2.93700000000e-003
  +2.94000000000e-003
  +2.94300000000e-003
  +2.94600000000e-003
  +2.94900000000e-003
  +2.95200000000e-003
  +2.95500000000e-003
  +2.95800000000e-003
  +2.96100000000e-003
  +2.96400000000e-003
  +2.96700000000e-003
  +2.97000000000e-003
  +2.97300000000e-003
  +2.97600000000e-003
  +2.97900000000e-003
  +2.98200000000e-003
  +2.98500000000e-003
  +2.98800000000e-003
  +2.99100000000e-003
  +2.99400000000e-003
  +2.99700000000e-003
  +3.00000000000e-003
</indep>
<dep V1.It time>
  +4.99999000001e-003
  +4.85222227465e-003
  +4.70881543001e-003
  +4.56964626619e-003
  +4.43459025066e-003
  +4.30352581922e-003
  +4.17633500050e-003
  +4.05290330978e-003
  +3.93311964591e-003
  +3.81687619138e-003
  +3.70406831521e-003
  +3.59459447878e-003
  +3.48835614446e-003
  +3.38525768691e-003
  +3.28520630698e-003
  +3.18811194821e-003
  +3.09388721577e-003
  +3.00244729778e-003
  +2.91370988896e-003
  +2.82759511660e-003
  +2.74402546860e-003
  +2.66292572374e-003
  +2.58422288397e-003
  +2.50784610870e-003
  +2.43372665103e-003
  +2.36179779588e-003
  +2.29199479993e-003
  +2.22425483337e-003
  +2.15851692330e-003
  +2.09472189888e-003
  +2.03281233810e-003
  +1.97273251600e-003
  +1.91442835463e-003
  +1.85784737429e-003
  +1.80293864630e-003
  +1.74965274721e-003
  +1.69794171427e-003
  +1.64775900227e-003
  +1.59905944164e-003
  +1.55179919781e-003
  +1.50593573172e-003
  +1.46142776158e-003
  +1.41823522567e-003
  +1.37631924629e-003
  +1.33564209479e-003
  +1.29616715757e-003
  +1.25785890315e-003
  +1.22068285020e-003
  +1.18460553647e-003
  +1.14959448870e-003
  +1.11561819337e-003
  +1.08264606833e-003
  +1.05064843532e-003
  +1.01959649320e-003
  +9.89462292038e-004
  +9.60218707985e-004
  +9.31839418828e-004
  +9.04298880308e-004
  +8.77572303128e-004
  +8.51635630639e-004
  +8.26465517188e-004
  +8.02039307101e-004
  +7.78335014295e-004
  +7.55331302487e-004
  +7.33007465985e-004
  +7.11343411059e-004
  +6.90319637845e-004
  +6.69917222801e-004
  +6.50117801670e-004
  +6.30903552951e-004
  +6.12257181858e-004
  +5.94161904753e-004
  +5.76601434039e-004
  +5.59559963498e-004
  +5.43022154067e-004
  +5.26973120028e-004
  +5.11398415613e-004
  +4.96284021996e-004
  +4.81616334679e-004
  +4.67382151247e-004
  +4.53568659480e-004
  +4.40163425825e-004
  +4.27154384204e-004
  +4.14529825150e-004
  +4.02278385270e-004
  +3.90389037018e-004
  +3.78851078767e-004
  +3.67654125174e-004
  +3.56788097840e-004
  +3.46243216229e-004
  +3.36009988871e-004
  +3.26079204817e-004
  +3.16441925346e-004
  +3.07089475924e-004
  +2.98013438390e-004
  +2.89205643384e-004
  +2.80658162991e-004
  +2.72363303606e-004
  +2.64313599008e-004
  +2.56501803641e-004
  +2.48920886091e-004
  +2.41564022759e-004
  +2.34424591716e-004
  +2.27496166746e-004
  +2.20772511557e-004
  +2.14247574174e-004
  +2.07915481487e-004
  +2.01770533966e-004
  +1.95807200531e-004
  +1.90020113571e-004
  +1.84404064120e-004
  +1.78953997157e-004
  +1.73665007066e-004
  +1.68532333217e-004
  +1.63551355679e-004
  +1.58717591062e-004
  +1.54026688486e-004
  +1.49474425658e-004
  +1.45056705079e-004
  +1.40769550347e-004
  +1.36609102586e-004
  +1.32571616968e-004
  +1.28653459343e-004
  +1.24851102970e-004
  +1.21161125340e-004
  +1.17580205095e-004
  +1.14105119043e-004
  +1.10732739250e-004
  +1.07460030230e-004
  +1.04284046212e-004
  +1.01201928485e-004
  +9.82109028277e-005
  +9.53082770129e-005
  +9.24914383802e-005
  +8.97578514875e-005
  +8.71050558272e-005
  +8.45306636124e-005
  +8.20323576271e-005
  +7.96078891410e-005
  +7.72550758847e-005
  +7.49718000860e-005
  +7.27560065636e-005
  +7.06057008770e-005
  +6.85189475314e-005
  +6.64938682359e-005
  +6.45286402122e-005
  +6.26214945544e-005
  +6.07707146366e-005
  +5.89746345679e-005
  +5.72316376929e-005
  +5.55401551364e-005
  +5.38986643913e-005
  +5.23056879483e-005
  +5.07597919660e-005
  +4.92595849800e-005
  +4.78037166510e-005
  +4.63908765487e-005
  +4.50197929728e-005
  +4.36892318080e-005
  +4.23979954134e-005
  +4.11449215443e-005
  +3.99288823065e-005
  +3.87487831402e-005
  +3.76035618359e-005
  +3.64921875773e-005
  +3.54136600141e-005
  +3.43670083615e-005
  +3.33512905259e-005
  +3.23655922576e-005
  +3.14090263276e-005
  +3.04807317288e-005
  +2.95798729013e-005
  +2.87056389801e-005
  +2.78572430654e-005
  +2.70339215143e-005
  +2.62349332533e-005
  +2.54595591113e-005
  +2.47071011725e-005
  +2.39768821478e-005
  +2.32682447656e-005
  +2.25805511799e-005
  +2.19131823962e-005
  +2.12655377144e-005
  +2.06370341882e-005
  +2.00271061003e-005
  +1.94352044530e-005
  +1.88607964745e-005
  +1.83033651388e-005
  +1.77624087010e-005
  +1.72374402449e-005
  +1.67279872453e-005
  +1.62335911425e-005
  +1.57538069296e-005
  +1.52882027516e-005
  +1.48363595174e-005
  +1.43978705218e-005
  +1.39723410801e-005
  +1.35593881721e-005
  +1.31586400983e-005
  +1.27697361442e-005
  +1.23923262568e-005
  +1.20260707285e-005
  +1.16706398920e-005
  +1.13257138232e-005
  +1.09909820534e-005
  +1.06661432899e-005
  +1.03509051445e-005
  +1.00449838709e-005
  +9.74810410852e-006
  +9.45999863533e-006
  +9.18040812698e-006
  +8.90908092345e-006
  +8.64577280255e-006
  +8.39024676009e-006
  +8.14227279653e-006
  +7.90162770998e-006
  +7.66809489529e-006
  +7.44146414908e-006
  +7.22153148053e-006
  +7.00809892778e-006
  +6.80097437974e-006
  +6.59997140316e-006
  +6.40490907484e-006
  +6.21561181876e-006
  +6.03190924806e-006
  +5.85363601166e-006
  +5.68063164546e-006
  +5.51274042784e-006
  +5.34981123958e-006
  +5.19169742775e-006
  +5.03825667379e-006
  +4.88935086535e-006
  +4.74484597199e-006
  +4.60461192456e-006
  +4.46852249808e-006
  +4.33645519818e-006
  +4.20829115080e-006
  +4.08391499521e-006
  +3.96321478017e-006
  +3.84608186315e-006
  +3.73241081258e-006
  +3.62209931290e-006
  +3.51504807248e-006
  +3.41116073430e-006
  +3.31034378912e-006
  +3.21250649141e-006
  +3.11756077761e-006
  +3.02542118687e-006
  +2.93600478416e-006
  +2.84923108558e-006
  +2.76502198594e-006
  +2.68330168846e-006
  +2.60399663652e-006
  +2.52703544747e-006
  +2.45234884839e-006
  +2.37986961371e-006
  +2.30953250471e-006
  +2.24127421082e-006
  +2.17503329260e-006
  +2.11075012646e-006
  +2.04836685099e-006
  +1.98782731486e-006
  +1.92907702631e-006
  +1.87206310409e-006
  +1.81673422983e-006
  +1.76304060191e-006
  +1.71093389057e-006
  +1.66036719446e-006
  +1.61129499838e-006
  +1.56367313234e-006
  +1.51745873181e-006
  +1.47261019910e-006
  +1.42908716595e-006
  +1.38685045720e-006
  +1.34586205548e-006
  +1.30608506705e-006
  +1.26748368855e-006
  +1.23002317482e-006
  +1.19366980755e-006
  +1.15839086501e-006
  +1.12415459254e-006
  +1.09093017401e-006
  +1.05868770404e-006
  +1.02739816111e-006
  +9.97033381453e-007
  +9.67566033653e-007
  +9.38969594093e-007
  +9.11218323056e-007
  +8.84287241564e-007
  +8.58152108893e-007
  +8.32789400755e-007
  +8.08176288123e-007
  +7.84290616682e-007
  +7.61110886888e-007
  +7.38616234618e-007
  +7.16786412387e-007
  +6.95601771126e-007
  +6.75043242494e-007
  +6.55092321716e-007
  +6.35731050927e-007
  +6.16942003004e-007
  +5.98708265887e-007
  +5.81013427350e-007
  +5.63841560231e-007
  +5.47177208096e-007
  +5.31005371326e-007
  +5.15311493617e-007
  +5.00081448877e-007
  +4.85301528509e-007
  +4.70958429076e-007
  +4.57039240324e-007
  +4.43531433562e-007
  +4.30422850383e-007
  +4.17701691725e-007
  +4.05356507245e-007
  +3.93376185017e-007
  +3.81749941528e-007
  +3.70467311971e-007
  +3.59518140826e-007
  +3.48892572723e-007
  +3.38581043565e-007
  +3.28574271921e-007
  +3.18863250677e-007
  +3.09439238921e-007
  +3.00293754080e-007
  +2.91418564284e-007
  +2.82805680956e-007
  +2.74447351621e-007
  +2.66336052929e-007
  +2.58464483883e-007
  +2.50825559267e-007
  +2.43412403269e-007
  +2.36218343292e-007
  +2.29236903946e-007
  -9.80181293474e-003
  -9.51212304704e-003
  -9.23099473757e-003
  -8.95817510177e-003
  -8.69341857898e-003
  -8.43648686599e-003
  -8.18714870260e-003
  -7.94517966343e-003
  -7.71036195594e-003
  -7.48248422440e-003
  -7.26134135963e-003
  -7.04673431441e-003
  -6.83846992429e-003
  -6.63636073377e-003
  -6.44022482753e-003
  -6.24988566671e-003
  -6.06517193002e-003
  -5.88591735952e-003
  -5.71196061098e-003
  -5.54314510865e-003
  -5.37931890436e-003
  -5.22033454070e-003
  -5.06604891834e-003
  -4.91632316720e-003
  -4.77102252149e-003
  -4.63001619837e-003
  -4.49317728026e-003
  -4.36038260060e-003
  -4.23151263297e-003
  -4.10645138354e-003
  -3.98508628663e-003
  -3.86730810343e-003
  -3.75301082364e-003
  -3.64209157006e-003
  -3.53445050603e-003
  -3.42999074549e-003
  -3.32861826587e-003
  -3.23024182337e-003
  -3.13477287091e-003
  -3.04212547837e-003
  -2.95221625530e-003
  -2.86496427581e-003
  -2.78029100575e-003
  -2.69812023205e-003
  -2.61837799409e-003
  -2.54099251711e-003
  -2.46589414767e-003
  -2.39301529091e-003
  -2.32229034970e-003
  -2.25365566564e-003
  -2.18704946171e-003
  -2.12241178673e-003
  -2.05968446133e-003
  -1.99881102563e-003
  -1.93973668841e-003
  -1.88240827778e-003
  -1.82677419333e-003
  -1.77278435970e-003
  -1.72039018149e-003
  -1.66954449951e-003
  -1.62020154838e-003
  -1.57231691526e-003
  -1.52584749995e-003
  -1.48075147606e-003
  -1.43698825336e-003
  -1.39451844127e-003
  -1.35330381337e-003
  -1.31330727302e-003
  -1.27449281996e-003
  -1.23682551792e-003
  -1.20027146314e-003
  -1.16479775388e-003
  -1.13037246083e-003
  -1.09696459832e-003
  -1.06454409644e-003
  -1.03308177402e-003
  -1.00254931232e-003
  -9.72919229535e-004
  -9.44164856100e-004
  -9.16260310653e-004
  -8.89180476751e-004
  -8.62900980259e-004
  -8.37398167415e-004
  -8.12649083536e-004
  -7.88631452359e-004
  -7.65323655992e-004
  -7.42704715453e-004
  -7.20754271786e-004
  -6.99452567743e-004
  -6.78780429992e-004
  -6.58719251868e-004
  -6.39250976618e-004
  -6.20358081152e-004
  -6.02023560272e-004
  -5.84230911362e-004
  -5.66964119539e-004
  -5.50207643233e-004
  -5.33946400203e-004
  -5.18165753958e-004
  -5.02851500587e-004
  -4.87989855971e-004
  -4.73567443375e-004
  -4.59571281412e-004
  -4.45988772356e-004
  -4.32807690804e-004
  -4.20016172671e-004
  -4.07602704511e-004
  -3.95556113157e-004
  -3.83865555661e-004
  -3.72520509535e-004
  -3.61510763280e-004
  -3.50826407198e-004
  -3.40457824465e-004
  -3.30395682484e-004
  -3.20630924479e-004
  -3.11154761343e-004
  -3.01958663731e-004
  -2.93034354379e-004
  -2.84373800656e-004
  -2.75969207334e-004
  -2.67813009571e-004
  -2.59897866099e-004
  -2.52216652624e-004
  -2.44762455404e-004
  -2.37528565033e-004
  -2.30508470402e-004
  -2.23695852831e-004
  -2.17084580392e-004
  -2.10668702380e-004
  -2.04442443966e-004
  -1.98400200991e-004
  -1.92536534928e-004
  -1.86846167981e-004
  -1.81323978342e-004
  -1.75964995574e-004
  -1.70764396140e-004
  -1.65717499063e-004
  -1.60819761709e-004
  -1.56066775702e-004
  -1.51454262954e-004
  -1.46978071814e-004
  -1.42634173333e-004
  -1.38418657635e-004
  -1.34327730402e-004
  -1.30357709453e-004
  -1.26505021435e-004
  -1.22766198605e-004
  -1.19137875705e-004
  -1.15616786940e-004
  -1.12199763033e-004
  -1.08883728374e-004
  -1.05665698253e-004
  -1.02542776170e-004
  -9.95121512323e-005
  -9.65710956226e-005
  -9.37169621424e-005
  -9.09471818309e-005
  -8.82592616523e-005
  -8.56507822518e-005
  -8.31193957779e-005
  -8.06628237693e-005
  -7.82788551041e-005
  -7.59653440095e-005
  -7.37202081303e-005
  -7.15414266550e-005
  -6.94270384965e-005
  -6.73751405272e-005
  -6.53838858659e-005
  -6.34514822153e-005
  -6.15761902494e-005
  -5.97563220473e-005
  -5.79902395739e-005
  -5.62763532063e-005
  -5.46131203022e-005
  -5.29990438116e-005
  -5.14326709297e-005
  -4.99125917887e-005
  -4.84374381893e-005
  -4.70058823688e-005
  -4.56166358062e-005
  -4.42684480626e-005
  -4.29601056552e-005
  -4.16904309656e-005
  -4.04582811794e-005
  -3.92625472579e-005
  -3.81021529399e-005
  -3.69760537725e-005
  -3.58832361716e-005
  -3.48227165091e-005
  -3.37935402280e-005
  -3.27947809827e-005
  -3.18255398058e-005
  -3.08849442984e-005
  -2.99721478453e-005
  -2.90863288527e-005
  -2.82266900088e-005
  -2.73924575662e-005
  -2.65828806452e-005
  -2.57972305585e-005
  -2.50348001547e-005
  -2.42949031821e-005
  -2.35768736711e-005
  -2.28800653345e-005
  -2.22038509861e-005
  -2.15476219759e-005
  -2.09107876426e-005
  -2.02927747815e-005
  -1.96930271289e-005
  -1.91110048613e-005
  -1.85461841097e-005
  -1.79980564877e-005
  -1.74661286342e-005
  -1.69499217694e-005
  -1.64489712635e-005
  -1.59628262188e-005
  -1.54910490637e-005
  -1.50332151592e-005
  -1.45889124160e-005
  -1.41577409241e-005
  -1.37393125930e-005
  -1.33332508018e-005
  -1.29391900607e-005
  -1.25567756817e-005
  -1.21856634597e-005
  -1.18255193624e-005
  -1.14760192298e-005
  -1.11368484821e-005
  -1.08077018372e-005
  -1.04882830354e-005
  -1.01783045727e-005
  -9.87748744241e-006
  -9.58556088377e-006
  -9.30226213823e-006
  -9.02733621304e-006
  -8.76053565168e-006
  -8.50162031116e-006
  -8.25035714582e-006
  -8.00651999764e-006
  -7.76988939261e-006
  -7.54025234324e-006
  -7.31740215682e-006
  -7.10113824939e-006
  -6.89126596519e-006
  -6.68759640148e-006
  -6.48994623848e-006
  -6.29813757435e-006
  -6.11199776515e-006
  -5.93135926933e-006
  -5.75605949702e-006
  -5.58594066365e-006
  -5.42084964792e-006
  -5.26063785399e-006
  -5.10516107774e-006
  -4.95427937695e-006
  -4.80785694539e-006
  -4.66576199049e-006
  -4.52786661485e-006
  -4.39404670096e-006
  -4.26418179965e-006
  -4.13815502153e-006
  -4.01585293190e-006
  -3.89716544854e-006
  -3.78198574272e-006
  -3.67021014298e-006
  -3.56173804187e-006
  -3.45647180535e-006
  -3.35431668492e-006
  -3.25518073236e-006
  -3.15897471696e-006
  -3.06561204520e-006
  -2.97500868278e-006
  -2.88708307905e-006
  -2.80175609354e-006
  -2.71895092479e-006
  -2.63859304114e-006
  -2.56061011373e-006
  -2.48493195135e-006
  -2.41149043727e-006
  -2.34021946794e-006
  -2.27105489347e-006
  -2.20393445992e-006
  -2.13879775323e-006
  -2.07558614487e-006
  -2.01424273907e-006
  -1.95471232158e-006
  -1.89694131003e-006
  -1.84087770561e-006
  -1.78647104636e-006
  -1.73367236169e-006
  -1.68243412835e-006
  -1.63271022759e-006
  -1.58445590372e-006
  -1.53762772378e-006
  -1.49218353846e-006
  -1.44808244415e-006
  -1.40528474615e-006
  -1.36375192291e-006
  -1.32344659142e-006
  -1.28433247346e-006
  -1.24637436302e-006
  -1.20953809461e-006
  -1.17379051249e-006
  -1.13909944081e-006
  -1.10543365468e-006
  -1.07276285206e-006
  -1.04105762647e-006
  -1.01028944053e-006
  -9.80430600271e-007
  -9.51454230236e-007
  -9.23334249244e-007
  -8.96045346934e-007
  -8.69562961001e-007
  -8.43863255053e-007
  -8.18923097191e-007
  -7.94720039180e-007
  -7.71232296217e-007
  -7.48438727358e-007
  -7.26318816469e-007
  -7.04852653758e-007
  -6.84020917873e-007
  -6.63804858492e-007
  -6.44186279467e-007
  -6.25147522414e-007
  -6.06671450846e-007
  -5.88741434744e-007
  -5.71341335579e-007
  -5.54455491793e-007
  -5.38068704708e-007
  -5.22166224828e-007
  -5.06733738585e-007
  -4.91757355438e-007
  -4.77223595376e-007
  -4.63119376789e-007
  +9.90009829527e-003
  +9.60750446575e-003
  +9.32355340326e-003
  +9.04799434663e-003
  +8.78057948035e-003
  +8.52106810162e-003
  +8.26922662166e-003
  +8.02482835542e-003
  +7.78765331758e-003
  +7.55748802450e-003
  +7.33412530211e-003
  +7.11736409937e-003
  +6.90700930736e-003
  +6.70287158362e-003
  +6.50476718174e-003
  +6.31251778597e-003
  +6.12595035070e-003
  +5.94489694471e-003
  +5.76919460001e-003
  +5.59868516517e-003
  +5.43321516293e-003
  +5.27263565209e-003
  +5.11680209342e-003
  +4.96557421958e-003
  +4.81881590883e-003
  +4.67639506257e-003
  +4.53818348634e-003
  +4.40405677453e-003
  +4.27389419835e-003
  +4.14757859715e-003
  +4.02499627300e-003
  +3.90603688831e-003
  +3.79059336656e-003
  +3.67856179587e-003
  +3.56984133551e-003
  +3.46433412509e-003
  +3.36194519653e-003
  +3.26258238851e-003
  +3.16615626359e-003
  +3.07258002764e-003
  +2.98176945176e-003
  +2.89364279643e-003
  +2.80812073797e-003
  +2.72512629711e-003
  +2.64458476974e-003
  +2.56642365961e-003
  +2.49057261313e-003
  +2.41696335601e-003
  +2.34552963182e-003
  +2.27620714234e-003
  +2.20893348972e-003
  +2.14364812027e-003
  +2.08029226996e-003
  +2.01880891156e-003
  +1.95914270329e-003
  +1.90123993899e-003
  +1.84504849981e-003
  +1.79051780726e-003
  +1.73759877773e-003
  +1.68624377827e-003
  +1.63640658373e-003
  +1.58804233515e-003
  +1.54110749938e-003
  +1.49555982991e-003
  +1.45135832882e-003
  +1.40846320991e-003
  +1.36683586284e-003
  +1.32643881843e-003
  +1.28723571488e-003
  +1.24919126510e-003
  +1.21227122488e-003
  +1.17644236215e-003
  +1.14167242696e-003
  +1.10793012257e-003
  +1.07518507718e-003
  +1.04340781665e-003
  +1.01256973795e-003
  +9.82643083409e-004
  +9.53600915754e-004
  +9.25417093838e-004
  +8.98066249118e-004
  +8.71523762825e-004
  +8.45765743803e-004
  +8.20769007000e-004
  +7.96511052602e-004
  +7.72970045782e-004
  +7.50124797043e-004
  +7.27954743150e-004
  +7.06439928613e-004
  +6.85560987733e-004
  +6.65299127166e-004
  +6.45636109009e-004
  +6.26554234381e-004
  +6.08036327496e-004
  +5.90065720202e-004
  +5.72626236973e-004
  +5.55702180356e-004
  +5.39278316839e-004
  +5.23339863138e-004
  +5.07872472890e-004
  +4.92862223743e-004
  +4.78295604821e-004
  +4.64159504564e-004
  +4.50441198928e-004
  +4.37128339927e-004
  +4.24208944524e-004
  +4.11671383841e-004
  +3.99504372696e-004
  +3.87696959438e-004
  +3.76238516098e-004
  +3.65118728815e-004
  +3.54327588558e-004
  +3.43855382112e-004
  +3.33692683341e-004
  +3.23830344697e-004
  +3.14259488991e-004
  +3.04971501399e-004
  +2.95958021710e-004
  +2.87210936802e-004
  +2.78722373335e-004
  +2.70484690669e-004
  +2.62490473982e-004
  +2.54732527601e-004
  +2.47203868520e-004
  +2.39897720117e-004
  +2.32807506055e-004
  +2.25926844362e-004
  +2.19249541685e-004
  +2.12769587717e-004
  +2.06481149786e-004
  +2.00378567606e-004
  +1.94456348183e-004
  +1.88709160867e-004
  +1.83131832557e-004
  +1.77719343044e-004
  +1.72466820492e-004
  +1.67369537053e-004
  +1.62422904611e-004
  +1.57622470652e-004
  +1.52963914259e-004
  +1.48443042217e-004
  +1.44055785244e-004
  +1.39798194327e-004
  +1.35666437166e-004
  +1.31656794723e-004
  +1.27765657880e-004
  +1.23989524186e-004
  +1.20324994705e-004
  +1.16768770956e-004
  +1.13317651949e-004
  +1.09968531295e-004
  +1.06718394418e-004
  +1.03564315836e-004
  +1.00503456533e-004
  +9.75330613980e-005
  +9.46504567486e-005
  +9.18530479235e-005
  +8.91383169470e-005
  +8.65038202626e-005
  +8.39471865334e-005
  +8.14661145078e-005
  +7.90583709479e-005
  +7.67217886198e-005
  +7.44542643422e-005
  +7.22537570939e-005
  +7.01182861761e-005
  +6.80459294301e-005
  +6.60348215070e-005
  +6.40831521882e-005
  +6.21891647566e-005
  +6.03511544153e-005
  +5.85674667526e-005
  +5.68364962536e-005
  +5.51566848541e-005
  +5.35265205393e-005
  +5.19445359818e-005
  +5.04093072216e-005
  +4.89194523838e-005
  +4.74736304351e-005
  +4.60705399768e-005
  +4.47089180731e-005
  +4.33875391144e-005
  +4.21052137143e-005
  +4.08607876389e-005
  +3.96531407678e-005
  +3.84811860859e-005
  +3.73438687052e-005
  +3.62401649147e-005
  +3.51690812598e-005
  +3.41296536472e-005
  +3.31209464778e-005
  +3.21420518041e-005
  +3.11920885133e-005
  +3.02702015338e-005
  +2.93755610659e-005
  +2.85073618349e-005
  +2.76648223658e-005
  +2.68471842805e-005
  +2.60537116147e-005
  +2.52836901557e-005
  +2.45364267995e-005
  +2.38112489269e-005
  +2.31075037980e-005
  +2.24245579648e-005
  +2.17617967008e-005
  +2.11186234481e-005
  +2.04944592799e-005
  +1.98887423798e-005
  +1.93009275359e-005
  +1.87304856503e-005
  +1.81769032625e-005
  +1.76396820874e-005
  +1.71183385668e-005
  +1.66124034343e-005
  +1.61214212925e-005
  +1.56449502036e-005
  +1.51825612911e-005
  +1.47338383540e-005
  +1.42983774925e-005
  +1.38757867438e-005
  +1.34656857298e-005
  +1.30677053143e-005
  +1.26814872714e-005
  +1.23066839622e-005
  +1.19429580225e-005
  +1.15899820589e-005
  +1.12474383544e-005
  +1.09150185817e-005
  +1.05924235267e-005
  +1.02793628181e-005
  +9.97555466705e-006
  +9.68072561266e-006
  +9.39461027638e-006
  +9.11695112292e-006
  +8.84749822850e-006
  +8.58600905586e-006
  +8.33224823600e-006
  +8.08598735624e-006
  +7.84700475471e-006
  +7.61508532077e-006
  +7.39002030141e-006
  +7.17160711336e-006
  +6.95964916072e-006
  +6.75395565801e-006
  +6.55434145845e-006
  +6.36062688729e-006
  +6.17263758012e-006
  +5.99020432587e-006
  +5.81316291455e-006
  +5.64135398940e-006
  +5.47462290349e-006
  +5.31281958050e-006
  +5.15579837964e-006
  +5.00341796455e-006
  +4.85554117610e-006
  +4.71203490890e-006
  +4.57276999153e-006
  +4.43762107024e-006
  +4.30646649612e-006
  +4.17918821565e-006
  +4.05567166435e-006
  +3.93580566375e-006
  +3.81948232126e-006
  +3.70659693306e-006
  +3.59704788990e-006
  +3.49073658558e-006
  +3.38756732823e-006
  +3.28744725417e-006
  +3.19028624431e-006
  +3.09599684307e-006
  +3.00449417960e-006
  +2.91569589144e-006
  +2.82952205036e-006
  +2.74589509042e-006
  +2.66473973816e-006
  +2.58598294484e-006
  +2.50955382067e-006
  +2.43538357104e-006
  +2.36340543455e-006
  +2.29355462298e-006
  +2.22576826289e-006
  +2.15998533912e-006
  +2.09614663979e-006
  +2.03419470305e-006
  +1.97407376535e-006
  +1.91572971121e-006
  +1.85911002458e-006
  +1.80416374150e-006
  +1.75084140429e-006
  +1.69909501696e-006
  +1.64887800208e-006
  +1.60014515880e-006
  +1.55285262222e-006
  +1.50695782383e-006
  +1.46241945328e-006
  +1.41919742113e-006
  +1.37725282280e-006
  +1.33654790353e-006
  +1.29704602442e-006
  +1.25871162942e-006
  +1.22151021338e-006
  +1.18540829091e-006
  +1.15037336632e-006
  +1.11637390433e-006
  +1.08337930167e-006
  +1.05135985957e-006
  +1.02028675701e-006
  +9.90132024789e-007
  +9.60868520319e-007
  +9.32469903230e-007
  +9.04910611643e-007
  +8.78165839162e-007
  +8.52211512551e-007
  +8.27024270059e-007
  +8.02581440398e-007
  +7.78861022332e-007
  +7.55841664875e-007
  +7.33502648072e-007
  +7.11823864351e-007
  +6.90785800421e-007
  +6.70369519711e-007
  +6.50556645321e-007
  +6.31329343485e-007
  +6.12670307515e-007
  +5.94562742227e-007
  +5.76990348820e-007
  +5.59937310205e-007
  +5.43388276774e-007
  +5.27328352573e-007
  +5.11743081906e-007
  +4.96618436313e-007
  +4.81940801950e-007
  +4.67696967331e-007
  +4.53874111438e-007
</dep>
<dep Uin.Vt time>
  +0.00000000000e+000
  +0.00000000000e+000
  +0.00000000000e+000
  +0.00000000000e+000
  +0.00000000000e+000
  +0.00000000000e+000
  +0.00000000000e+000
  +0.00000000000e+000
  +0.00000000000e+000
  +0.00000000000e+000
  +0.00000000000e+000
  +0.00000000000e+000
  +0.00000000000e+000
  +0.00000000000e+000
  +0.00000000000e+000
  +0.00000000000e+000
  +0.00000000000e+000
  +0.00000000000e+000
  +0.00000000000e+000
  +0.00000000000e+000
  +0.00000000000e+000
  +0.00000000000e+000
  +0.00000000000e+000
  +0.00000000000e+000
  +0.00000000000e+000
  +0.00000000000e+000
  +0.00000000000e+000
  +0.00000000000e+000
  +0.00000000000e+000
  +0.00000000000e+000
  +0.00000000000e+000
  +0.00000000000e+000
  +0.00000000000e+000
  +0.00000000000e+000
  +0.00000000000e+000
  +0.00000000000e+000
  +0.00000000000e+000
  +0.00000000000e+000
  +0.00000000000e+000
  +0.00000000000e+000
  +0.00000000000e+000
  +0.00000000000e+000
  +0.00000000000e+000
  +0.00000000000e+000
  +0.00000000000e+000
  +0.00000000000e+000
  +0.00000000000e+000
  +0.00000000000e+000
  +0.00000000000e+000
  +0.00000000000e+000
  +0.00000000000e+000
  +0.00000000000e+000
  +0.00000000000e+000
  +0.00000000000e+000
  +0.00000000000e+000
  +0.00000000000e+000
  +0.00000000000e+000
  +0.00000000000e+000
  +0.00000000000e+000
  +0.00000000000e+000
  +0.00000000000e+000
  +0.00000000000e+000
  +0.00000000000e+000
  +0.00000000000e+000
  +0.00000000000e+000
  +0.00000000000e+000
  +0.00000000000e+000
  +0.00000000000e+000
  +0.00000000000e+000
  +0.00000000000e+000
  +0.00000000000e+000
  +0.00000000000e+000
  +0.00000000000e+000
  +0.00000000000e+000
  +0.00000000000e+000
  +0.00000000000e+000
  +0.00000000000e+000
  +0.00000000000e+000
  +0.00000000000e+000
  +0.00000000000e+000
  +0.00000000000e+000
  +0.00000000000e+000
  +0.00000000000e+000
  +0.00000000000e+000
  +0.00000000000e+000
  +0.00000000000e+000
  +0.00000000000e+000
  +0.00000000000e+000
  +0.00000000000e+000
  +0.00000000000e+000
  +0.00000000000e+000
  +0.00000000000e+000
  +0.00000000000e+000
  +0.00000000000e+000
  +0.00000000000e+000
  +0.00000000000e+000
  +0.00000000000e+000
  +0.00000000000e+000
  +0.00000000000e+000
  +0.00000000000e+000
  +0.00000000000e+000
  +0.00000000000e+000
  +0.00000000000e+000
  +0.00000000000e+000
  +0.00000000000e+000
  +0.00000000000e+000
  +0.00000000000e+000
  +0.00000000000e+000
  +0.00000000000e+000
  +0.00000000000e+000
  +0.00000000000e+000
  +0.00000000000e+000
  +0.00000000000e+000
  +0.00000000000e+000
  +0.00000000000e+000
  +0.00000000000e+000
  +0.00000000000e+000
  +0.00000000000e+000
  +0.00000000000e+000
  +0.00000000000e+000
  +0.00000000000e+000
  +0.00000000000e+000
  +0.00000000000e+000
  +0.00000000000e+000
  +0.00000000000e+000
  +0.00000000000e+000
  +0.00000000000e+000
  +0.00000000000e+000
  +0.00000000000e+000
  +0.00000000000e+000
  +0.00000000000e+000
  +0.00000000000e+000
  +0.00000000000e+000
  +0.00000000000e+000
  +0.00000000000e+000
  +0.00000000000e+000
  +0.00000000000e+000
  +0.00000000000e+000
  +0.00000000000e+000
  +0.00000000000e+000
  +0.00000000000e+000
  +0.00000000000e+000
  +0.00000000000e+000
  +0.00000000000e+000
  +0.00000000000e+000
  +0.00000000000e+000
  +0.00000000000e+000
  +0.00000000000e+000
  +0.00000000000e+000
  +0.00000000000e+000
  +0.00000000000e+000
  +0.00000000000e+000
  +0.00000000000e+000
  +0.00000000000e+000
  +0.00000000000e+000
  +0.00000000000e+000
  +0.00000000000e+000
  +0.00000000000e+000
  +0.00000000000e+000
  +0.00000000000e+000
  +0.00000000000e+000
  +0.00000000000e+000
  +0.00000000000e+000
  +0.00000000000e+000
  +0.00000000000e+000
  +0.00000000000e+000
  +0.00000000000e+000
  +0.00000000000e+000
  +0.00000000000e+000
  +0.00000000000e+000
  +0.00000000000e+000
  +0.00000000000e+000
  +0.00000000000e+000
  +0.00000000000e+000
  +0.00000000000e+000
  +0.00000000000e+000
  +0.00000000000e+000
  +0.00000000000e+000
  +0.00000000000e+000
  +0.00000000000e+000
  +0.00000000000e+000
  +0.00000000000e+000
  +0.00000000000e+000
  +0.00000000000e+000
  +0.00000000000e+000
  +0.00000000000e+000
  +0.00000000000e+000
  +0.00000000000e+000
  +0.00000000000e+000
  +0.00000000000e+000
  +0.00000000000e+000
  +0.00000000000e+000
  +0.00000000000e+000
  +0.00000000000e+000
  +0.00000000000e+000
  +0.00000000000e+000
  +0.00000000000e+000
  +0.00000000000e+000
  +0.00000000000e+000
  +0.00000000000e+000
  +0.00000000000e+000
  +0.00000000000e+000
  +0.00000000000e+000
  +0.00000000000e+000
  +0.00000000000e+000
  +0.00000000000e+000
  +0.00000000000e+000
  +0.00000000000e+000
  +0.00000000000e+000
  +0.00000000000e+000
  +0.00000000000e+000
  +0.00000000000e+000
  +0.00000000000e+000
  +0.00000000000e+000
  +0.00000000000e+000
  +0.00000000000e+000
  +0.00000000000e+000
  +0.00000000000e+000
  +0.00000000000e+000
  +0.00000000000e+000
  +0.00000000000e+000
  +0.00000000000e+000
  +0.00000000000e+000
  +0.00000000000e+000
  +0.00000000000e+000
  +0.00000000000e+000
  +0.00000000000e+000
  +0.00000000000e+000
  +0.00000000000e+000
  +0.00000000000e+000
  +0.00000000000e+000
  +0.00000000000e+000
  +0.00000000000e+000
  +0.00000000000e+000
  +0.00000000000e+000
  +0.00000000000e+000
  +0.00000000000e+000
  +0.00000000000e+000
  +0.00000000000e+000
  +0.00000000000e+000
  +0.00000000000e+000
  +0.00000000000e+000
  +0.00000000000e+000
  +0.00000000000e+000
  +0.00000000000e+000
  +0.00000000000e+000
  +0.00000000000e+000
  +0.00000000000e+000
  +0.00000000000e+000
  +0.00000000000e+000
  +0.00000000000e+000
  +0.00000000000e+000
  +0.00000000000e+000
  +0.00000000000e+000
  +0.00000000000e+000
  +0.00000000000e+000
  +0.00000000000e+000
  +0.00000000000e+000
  +0.00000000000e+000
  +0.00000000000e+000
  +0.00000000000e+000
  +0.00000000000e+000
  +0.00000000000e+000
  +0.00000000000e+000
  +0.00000000000e+000
  +0.00000000000e+000
  +0.00000000000e+000
  +0.00000000000e+000
  +0.00000000000e+000
  +0.00000000000e+000
  +0.00000000000e+000
  +0.00000000000e+000
  +0.00000000000e+000
  +0.00000000000e+000
  +0.00000000000e+000
  +0.00000000000e+000
  +0.00000000000e+000
  +0.00000000000e+000
  +0.00000000000e+000
  +0.00000000000e+000
  +0.00000000000e+000
  +0.00000000000e+000
  +0.00000000000e+000
  +0.00000000000e+000
  +0.00000000000e+000
  +0.00000000000e+000
  +0.00000000000e+000
  +0.00000000000e+000
  +0.00000000000e+000
  +0.00000000000e+000
  +0.00000000000e+000
  +0.00000000000e+000
  +0.00000000000e+000
  +0.00000000000e+000
  +0.00000000000e+000
  +0.00000000000e+000
  +0.00000000000e+000
  +0.00000000000e+000
  +0.00000000000e+000
  +0.00000000000e+000
  +0.00000000000e+000
  +0.00000000000e+000
  +0.00000000000e+000
  +0.00000000000e+000
  +0.00000000000e+000
  +0.00000000000e+000
  +0.00000000000e+000
  +0.00000000000e+000
  +0.00000000000e+000
  +0.00000000000e+000
  +0.00000000000e+000
  +0.00000000000e+000
  +0.00000000000e+000
  +0.00000000000e+000
  +0.00000000000e+000
  +0.00000000000e+000
  +0.00000000000e+000
  +0.00000000000e+000
  +0.00000000000e+000
  +0.00000000000e+000
  +0.00000000000e+000
  +0.00000000000e+000
  +0.00000000000e+000
  +0.00000000000e+000
  +0.00000000000e+000
  +0.00000000000e+000
  +0.00000000000e+000
  +0.00000000000e+000
  +0.00000000000e+000
  +0.00000000000e+000
  +0.00000000000e+000
  +0.00000000000e+000
  +0.00000000000e+000
  +0.00000000000e+000
  +1.00000000000e+000
  +1.00000000000e+000
  +1.00000000000e+000
  +1.00000000000e+000
  +1.00000000000e+000
  +1.00000000000e+000
  +1.00000000000e+000
  +1.00000000000e+000
  +1.00000000000e+000
  +1.00000000000e+000
  +1.00000000000e+000
  +1.00000000000e+000
  +1.00000000000e+000
  +1.00000000000e+000
  +1.00000000000e+000
  +1.00000000000e+000
  +1.00000000000e+000
  +1.00000000000e+000
  +1.00000000000e+000
  +1.00000000000e+000
  +1.00000000000e+000
  +1.00000000000e+000
  +1.00000000000e+000
  +1.00000000000e+000
  +1.00000000000e+000
  +1.00000000000e+000
  +1.00000000000e+000
  +1.00000000000e+000
  +1.00000000000e+000
  +1.00000000000e+000
  +1.00000000000e+000
  +1.00000000000e+000
  +1.00000000000e+000
  +1.00000000000e+000
  +1.00000000000e+000
  +1.00000000000e+000
  +1.00000000000e+000
  +1.00000000000e+000
  +1.00000000000e+000
  +1.00000000000e+000
  +1.00000000000e+000
  +1.00000000000e+000
  +1.00000000000e+000
  +1.00000000000e+000
  +1.00000000000e+000
  +1.00000000000e+000
  +1.00000000000e+000
  +1.00000000000e+000
  +1.00000000000e+000
  +1.00000000000e+000
  +1.00000000000e+000
  +1.00000000000e+000
  +1.00000000000e+000
  +1.00000000000e+000
  +1.00000000000e+000
  +1.00000000000e+000
  +1.00000000000e+000
  +1.00000000000e+000
  +1.00000000000e+000
  +1.00000000000e+000
  +1.00000000000e+000
  +1.00000000000e+000
  +1.00000000000e+000
  +1.00000000000e+000
  +1.00000000000e+000
  +1.00000000000e+000
  +1.00000000000e+000
  +1.00000000000e+000
  +1.00000000000e+000
  +1.00000000000e+000
  +1.00000000000e+000
  +1.00000000000e+000
  +1.00000000000e+000
  +1.00000000000e+000
  +1.00000000000e+000
  +1.00000000000e+000
  +1.00000000000e+000
  +1.00000000000e+000
  +1.00000000000e+000
  +1.00000000000e+000
  +1.00000000000e+000
  +1.00000000000e+000
  +1.00000000000e+000
  +1.00000000000e+000
  +1.00000000000e+000
  +1.00000000000e+000
  +1.00000000000e+000
  +1.00000000000e+000
  +1.00000000000e+000
  +1.00000000000e+000
  +1.00000000000e+000
  +1.00000000000e+000
  +1.00000000000e+000
  +1.00000000000e+000
  +1.00000000000e+000
  +1.00000000000e+000
  +1.00000000000e+000
  +1.00000000000e+000
  +1.00000000000e+000
  +1.00000000000e+000
  +1.00000000000e+000
  +1.00000000000e+000
  +1.00000000000e+000
  +1.00000000000e+000
  +1.00000000000e+000
  +1.00000000000e+000
  +1.00000000000e+000
  +1.00000000000e+000
  +1.00000000000e+000
  +1.00000000000e+000
  +1.00000000000e+000
  +1.00000000000e+000
  +1.00000000000e+000
  +1.00000000000e+000
  +1.00000000000e+000
  +1.00000000000e+000
  +1.00000000000e+000
  +1.00000000000e+000
  +1.00000000000e+000
  +1.00000000000e+000
  +1.00000000000e+000
  +1.00000000000e+000
  +1.00000000000e+000
  +1.00000000000e+000
  +1.00000000000e+000
  +1.00000000000e+000
  +1.00000000000e+000
  +1.00000000000e+000
  +1.00000000000e+000
  +1.00000000000e+000
  +1.00000000000e+000
  +1.00000000000e+000
  +1.00000000000e+000
  +1.00000000000e+000
  +1.00000000000e+000
  +1.00000000000e+000
  +1.00000000000e+000
  +1.00000000000e+000
  +1.00000000000e+000
  +1.00000000000e+000
  +1.00000000000e+000
  +1.00000000000e+000
  +1.00000000000e+000
  +1.00000000000e+000
  +1.00000000000e+000
  +1.00000000000e+000
  +1.00000000000e+000
  +1.00000000000e+000
  +1.00000000000e+000
  +1.00000000000e+000
  +1.00000000000e+000
  +1.00000000000e+000
  +1.00000000000e+000
  +1.00000000000e+000
  +1.00000000000e+000
  +1.00000000000e+000
  +1.00000000000e+000
  +1.00000000000e+000
  +1.00000000000e+000
  +1.00000000000e+000
  +1.00000000000e+000
  +1.00000000000e+000
  +1.00000000000e+000
  +1.00000000000e+000
  +1.00000000000e+000
  +1.00000000000e+000
  +1.00000000000e+000
  +1.00000000000e+000
  +1.00000000000e+000
  +1.00000000000e+000
  +1.00000000000e+000
  +1.00000000000e+000
  +1.00000000000e+000
  +1.00000000000e+000
  +1.00000000000e+000
  +1.00000000000e+000
  +1.00000000000e+000
  +1.00000000000e+000
  +1.00000000000e+000
  +1.00000000000e+000
  +1.00000000000e+000
  +1.00000000000e+000
  +1.00000000000e+000
  +1.00000000000e+000
  +1.00000000000e+000
  +1.00000000000e+000
  +1.00000000000e+000
  +1.00000000000e+000
  +1.00000000000e+000
  +1.00000000000e+000
  +1.00000000000e+000
  +1.00000000000e+000
  +1.00000000000e+000
  +1.00000000000e+000
  +1.00000000000e+000
  +1.00000000000e+000
  +1.00000000000e+000
  +1.00000000000e+000
  +1.00000000000e+000
  +1.00000000000e+000
  +1.00000000000e+000
  +1.00000000000e+000
  +1.00000000000e+000
  +1.00000000000e+000
  +1.00000000000e+000
  +1.00000000000e+000
  +1.00000000000e+000
  +1.00000000000e+000
  +1.00000000000e+000
  +1.00000000000e+000
  +1.00000000000e+000
  +1.00000000000e+000
  +1.00000000000e+000
  +1.00000000000e+000
  +1.00000000000e+000
  +1.00000000000e+000
  +1.00000000000e+000
  +1.00000000000e+000
  +1.00000000000e+000
  +1.00000000000e+000
  +1.00000000000e+000
  +1.00000000000e+000
  +1.00000000000e+000
  +1.00000000000e+000
  +1.00000000000e+000
  +1.00000000000e+000
  +1.00000000000e+000
  +1.00000000000e+000
  +1.00000000000e+000
  +1.00000000000e+000
  +1.00000000000e+000
  +1.00000000000e+000
  +1.00000000000e+000
  +1.00000000000e+000
  +1.00000000000e+000
  +1.00000000000e+000
  +1.00000000000e+000
  +1.00000000000e+000
  +1.00000000000e+000
  +1.00000000000e+000
  +1.00000000000e+000
  +1.00000000000e+000
  +1.00000000000e+000
  +1.00000000000e+000
  +1.00000000000e+000
  +1.00000000000e+000
  +1.00000000000e+000
  +1.00000000000e+000
  +1.00000000000e+000
  +1.00000000000e+000
  +1.00000000000e+000
  +1.00000000000e+000
  +1.00000000000e+000
  +1.00000000000e+000
  +1.00000000000e+000
  +1.00000000000e+000
  +1.00000000000e+000
  +1.00000000000e+000
  +1.00000000000e+000
  +1.00000000000e+000
  +1.00000000000e+000
  +1.00000000000e+000
  +1.00000000000e+000
  +1.00000000000e+000
  +1.00000000000e+000
  +1.00000000000e+000
  +1.00000000000e+000
  +1.00000000000e+000
  +1.00000000000e+000
  +1.00000000000e+000
  +1.00000000000e+000
  +1.00000000000e+000
  +1.00000000000e+000
  +1.00000000000e+000
  +1.00000000000e+000
  +1.00000000000e+000
  +1.00000000000e+000
  +1.00000000000e+000
  +1.00000000000e+000
  +1.00000000000e+000
  +1.00000000000e+000
  +1.00000000000e+000
  +1.00000000000e+000
  +1.00000000000e+000
  +1.00000000000e+000
  +1.00000000000e+000
  +1.00000000000e+000
  +1.00000000000e+000
  +1.00000000000e+000
  +1.00000000000e+000
  +1.00000000000e+000
  +1.00000000000e+000
  +1.00000000000e+000
  +1.00000000000e+000
  +1.00000000000e+000
  +1.00000000000e+000
  +1.00000000000e+000
  +1.00000000000e+000
  +1.00000000000e+000
  +1.00000000000e+000
  +1.00000000000e+000
  +1.00000000000e+000
  +1.00000000000e+000
  +1.00000000000e+000
  +1.00000000000e+000
  +1.00000000000e+000
  +1.00000000000e+000
  +1.00000000000e+000
  +1.00000000000e+000
  +1.00000000000e+000
  +1.00000000000e+000
  +1.00000000000e+000
  +1.00000000000e+000
  +1.00000000000e+000
  +1.00000000000e+000
  +1.00000000000e+000
  +1.00000000000e+000
  +1.00000000000e+000
  +1.00000000000e+000
  +1.00000000000e+000
  +1.00000000000e+000
  +1.00000000000e+000
  +1.00000000000e+000
  +1.00000000000e+000
  +1.00000000000e+000
  +1.00000000000e+000
  +1.00000000000e+000
  +1.00000000000e+000
  +1.00000000000e+000
  +1.00000000000e+000
  +1.00000000000e+000
  +1.00000000000e+000
  +1.00000000000e+000
  +0.00000000000e+000
  +0.00000000000e+000
  +0.00000000000e+000
  +0.00000000000e+000
  +0.00000000000e+000
  +0.00000000000e+000
  +0.00000000000e+000
  +0.00000000000e+000
  +0.00000000000e+000
  +0.00000000000e+000
  +0.00000000000e+000
  +0.00000000000e+000
  +0.00000000000e+000
  +0.00000000000e+000
  +0.00000000000e+000
  +0.00000000000e+000
  +0.00000000000e+000
  +0.00000000000e+000
  +0.00000000000e+000
  +0.00000000000e+000
  +0.00000000000e+000
  +0.00000000000e+000
  +0.00000000000e+000
  +0.00000000000e+000
  +0.00000000000e+000
  +0.00000000000e+000
  +0.00000000000e+000
  +0.00000000000e+000
  +0.00000000000e+000
  +0.00000000000e+000
  +0.00000000000e+000
  +0.00000000000e+000
  +0.00000000000e+000
  +0.00000000000e+000
  +0.00000000000e+000
  +0.00000000000e+000
  +0.00000000000e+000
  +0.00000000000e+000
  +0.00000000000e+000
  +0.00000000000e+000
  +0.00000000000e+000
  +0.00000000000e+000
  +0.00000000000e+000
  +0.00000000000e+000
  +0.00000000000e+000
  +0.00000000000e+000
  +0.00000000000e+000
  +0.00000000000e+000
  +0.00000000000e+000
  +0.00000000000e+000
  +0.00000000000e+000
  +0.00000000000e+000
  +0.00000000000e+000
  +0.00000000000e+000
  +0.00000000000e+000
  +0.00000000000e+000
  +0.00000000000e+000
  +0.00000000000e+000
  +0.00000000000e+000
  +0.00000000000e+000
  +0.00000000000e+000
  +0.00000000000e+000
  +0.00000000000e+000
  +0.00000000000e+000
  +0.00000000000e+000
  +0.00000000000e+000
  +0.00000000000e+000
  +0.00000000000e+000
  +0.00000000000e+000
  +0.00000000000e+000
  +0.00000000000e+000
  +0.00000000000e+000
  +0.00000000000e+000
  +0.00000000000e+000
  +0.00000000000e+000
  +0.00000000000e+000
  +0.00000000000e+000
  +0.00000000000e+000
  +0.00000000000e+000
  +0.00000000000e+000
  +0.00000000000e+000
  +0.00000000000e+000
  +0.00000000000e+000
  +0.00000000000e+000
  +0.00000000000e+000
  +0.00000000000e+000
  +0.00000000000e+000
  +0.00000000000e+000
  +0.00000000000e+000
  +0.00000000000e+000
  +0.00000000000e+000
  +0.00000000000e+000
  +0.00000000000e+000
  +0.00000000000e+000
  +0.00000000000e+000
  +0.00000000000e+000
  +0.00000000000e+000
  +0.00000000000e+000
  +0.00000000000e+000
  +0.00000000000e+000
  +0.00000000000e+000
  +0.00000000000e+000
  +0.00000000000e+000
  +0.00000000000e+000
  +0.00000000000e+000
  +0.00000000000e+000
  +0.00000000000e+000
  +0.00000000000e+000
  +0.00000000000e+000
  +0.00000000000e+000
  +0.00000000000e+000
  +0.00000000000e+000
  +0.00000000000e+000
  +0.00000000000e+000
  +0.00000000000e+000
  +0.00000000000e+000
  +0.00000000000e+000
  +0.00000000000e+000
  +0.00000000000e+000
  +0.00000000000e+000
  +0.00000000000e+000
  +0.00000000000e+000
  +0.00000000000e+000
  +0.00000000000e+000
  +0.00000000000e+000
  +0.00000000000e+000
  +0.00000000000e+000
  +0.00000000000e+000
  +0.00000000000e+000
  +0.00000000000e+000
  +0.00000000000e+000
  +0.00000000000e+000
  +0.00000000000e+000
  +0.00000000000e+000
  +0.00000000000e+000
  +0.00000000000e+000
  +0.00000000000e+000
  +0.00000000000e+000
  +0.00000000000e+000
  +0.00000000000e+000
  +0.00000000000e+000
  +0.00000000000e+000
  +0.00000000000e+000
  +0.00000000000e+000
  +0.00000000000e+000
  +0.00000000000e+000
  +0.00000000000e+000
  +0.00000000000e+000
  +0.00000000000e+000
  +0.00000000000e+000
  +0.00000000000e+000
  +0.00000000000e+000
  +0.00000000000e+000
  +0.00000000000e+000
  +0.00000000000e+000
  +0.00000000000e+000
  +0.00000000000e+000
  +0.00000000000e+000
  +0.00000000000e+000
  +0.00000000000e+000
  +0.00000000000e+000
  +0.00000000000e+000
  +0.00000000000e+000
  +0.00000000000e+000
  +0.00000000000e+000
  +0.00000000000e+000
  +0.00000000000e+000
  +0.00000000000e+000
  +0.00000000000e+000
  +0.00000000000e+000
  +0.00000000000e+000
  +0.00000000000e+000
  +0.00000000000e+000
  +0.00000000000e+000
  +0.00000000000e+000
  +0.00000000000e+000
  +0.00000000000e+000
  +0.00000000000e+000
  +0.00000000000e+000
  +0.00000000000e+000
  +0.00000000000e+000
  +0.00000000000e+000
  +0.00000000000e+000
  +0.00000000000e+000
  +0.00000000000e+000
  +0.00000000000e+000
  +0.00000000000e+000
  +0.00000000000e+000
  +0.00000000000e+000
  +0.00000000000e+000
  +0.00000000000e+000
  +0.00000000000e+000
  +0.00000000000e+000
  +0.00000000000e+000
  +0.00000000000e+000
  +0.00000000000e+000
  +0.00000000000e+000
  +0.00000000000e+000
  +0.00000000000e+000
  +0.00000000000e+000
  +0.00000000000e+000
  +0.00000000000e+000
  +0.00000000000e+000
  +0.00000000000e+000
  +0.00000000000e+000
  +0.00000000000e+000
  +0.00000000000e+000
  +0.00000000000e+000
  +0.00000000000e+000
  +0.00000000000e+000
  +0.00000000000e+000
  +0.00000000000e+000
  +0.00000000000e+000
  +0.00000000000e+000
  +0.00000000000e+000
  +0.00000000000e+000
  +0.00000000000e+000
  +0.00000000000e+000
  +0.00000000000e+000
  +0.00000000000e+000
  +0.00000000000e+000
  +0.00000000000e+000
  +0.00000000000e+000
  +0.00000000000e+000
  +0.00000000000e+000
  +0.00000000000e+000
  +0.00000000000e+000
  +0.00000000000e+000
  +0.00000000000e+000
  +0.00000000000e+000
  +0.00000000000e+000
  +0.00000000000e+000
  +0.00000000000e+000
  +0.00000000000e+000
  +0.00000000000e+000
  +0.00000000000e+000
  +0.00000000000e+000
  +0.00000000000e+000
  +0.00000000000e+000
  +0.00000000000e+000
  +0.00000000000e+000
  +0.00000000000e+000
  +0.00000000000e+000
  +0.00000000000e+000
  +0.00000000000e+000
  +0.00000000000e+000
  +0.00000000000e+000
  +0.00000000000e+000
  +0.00000000000e+000
  +0.00000000000e+000
  +0.00000000000e+000
  +0.00000000000e+000
  +0.00000000000e+000
  +0.00000000000e+000
  +0.00000000000e+000
  +0.00000000000e+000
  +0.00000000000e+000
  +0.00000000000e+000
  +0.00000000000e+000
  +0.00000000000e+000
  +0.00000000000e+000
  +0.00000000000e+000
  +0.00000000000e+000
  +0.00000000000e+000
  +0.00000000000e+000
  +0.00000000000e+000
  +0.00000000000e+000
  +0.00000000000e+000
  +0.00000000000e+000
  +0.00000000000e+000
  +0.00000000000e+000
  +0.00000000000e+000
  +0.00000000000e+000
  +0.00000000000e+000
  +0.00000000000e+000
  +0.00000000000e+000
  +0.00000000000e+000
  +0.00000000000e+000
  +0.00000000000e+000
  +0.00000000000e+000
  +0.00000000000e+000
  +0.00000000000e+000
  +0.00000000000e+000
  +0.00000000000e+000
  +0.00000000000e+000
  +0.00000000000e+000
  +0.00000000000e+000
  +0.00000000000e+000
  +0.00000000000e+000
  +0.00000000000e+000
  +0.00000000000e+000
  +0.00000000000e+000
  +0.00000000000e+000
  +0.00000000000e+000
  +0.00000000000e+000
  +0.00000000000e+000
  +0.00000000000e+000
  +0.00000000000e+000
  +0.00000000000e+000
  +0.00000000000e+000
  +0.00000000000e+000
  +0.00000000000e+000
  +0.00000000000e+000
  +0.00000000000e+000
  +0.00000000000e+000
  +0.00000000000e+000
  +0.00000000000e+000
  +0.00000000000e+000
  +0.00000000000e+000
  +0.00000000000e+000
  +0.00000000000e+000
  +0.00000000000e+000
  +0.00000000000e+000
  +0.00000000000e+000
  +0.00000000000e+000
  +0.00000000000e+000
  +0.00000000000e+000
  +0.00000000000e+000
  +0.00000000000e+000
  +0.00000000000e+000
  +0.00000000000e+000
  +0.00000000000e+000
  +0.00000000000e+000
  +0.00000000000e+000
  +0.00000000000e+000
  +0.00000000000e+000
  +0.00000000000e+000
  +0.00000000000e+000
  +0.00000000000e+000
  +0.00000000000e+000
  +0.00000000000e+000
  +0.00000000000e+000
  +0.00000000000e+000
  +0.00000000000e+000
</dep>
<dep Uout.Vt time>
  +4.99999000001e-001
  +4.85222227465e-001
  +4.70881543001e-001
  +4.56964626619e-001
  +4.43459025066e-001
  +4.30352581922e-001
  +4.17633500050e-001
  +4.05290330978e-001
  +3.93311964591e-001
  +3.81687619138e-001
  +3.70406831521e-001
  +3.59459447878e-001
  +3.48835614446e-001
  +3.38525768691e-001
  +3.28520630698e-001
  +3.18811194821e-001
  +3.09388721577e-001
  +3.00244729778e-001
  +2.91370988896e-001
  +2.82759511660e-001
  +2.74402546860e-001
  +2.66292572374e-001
  +2.58422288397e-001
  +2.50784610870e-001
  +2.43372665103e-001
  +2.36179779588e-001
  +2.29199479993e-001
  +2.22425483337e-001
  +2.15851692330e-001
  +2.09472189888e-001
  +2.03281233810e-001
  +1.97273251600e-001
  +1.91442835463e-001
  +1.85784737429e-001
  +1.80293864630e-001
  +1.74965274721e-001
  +1.69794171427e-001
  +1.64775900227e-001
  +1.59905944164e-001
  +1.55179919781e-001
  +1.50593573172e-001
  +1.46142776158e-001
  +1.41823522567e-001
  +1.37631924629e-001
  +1.33564209479e-001
  +1.29616715757e-001
  +1.25785890315e-001
  +1.22068285020e-001
  +1.18460553647e-001
  +1.14959448870e-001
  +1.11561819337e-001
  +1.08264606833e-001
  +1.05064843532e-001
  +1.01959649320e-001
  +9.89462292038e-002
  +9.60218707985e-002
  +9.31839418828e-002
  +9.04298880308e-002
  +8.77572303128e-002
  +8.51635630639e-002
  +8.26465517188e-002
  +8.02039307101e-002
  +7.78335014295e-002
  +7.55331302487e-002
  +7.33007465985e-002
  +7.11343411059e-002
  +6.90319637845e-002
  +6.69917222801e-002
  +6.50117801670e-002
  +6.30903552951e-002
  +6.12257181858e-002
  +5.94161904753e-002
  +5.76601434039e-002
  +5.59559963498e-002
  +5.43022154067e-002
  +5.26973120028e-002
  +5.11398415613e-002
  +4.96284021996e-002
  +4.81616334679e-002
  +4.67382151247e-002
  +4.53568659480e-002
  +4.40163425825e-002
  +4.27154384204e-002
  +4.14529825150e-002
  +4.02278385270e-002
  +3.90389037018e-002
  +3.78851078767e-002
  +3.67654125174e-002
  +3.56788097840e-002
  +3.46243216229e-002
  +3.36009988871e-002
  +3.26079204817e-002
  +3.16441925346e-002
  +3.07089475924e-002
  +2.98013438390e-002
  +2.89205643384e-002
  +2.80658162991e-002
  +2.72363303606e-002
  +2.64313599008e-002
  +2.56501803641e-002
  +2.48920886091e-002
  +2.41564022759e-002
  +2.34424591716e-002
  +2.27496166746e-002
  +2.20772511557e-002
  +2.14247574174e-002
  +2.07915481487e-002
  +2.01770533966e-002
  +1.95807200531e-002
  +1.90020113571e-002
  +1.84404064120e-002
  +1.78953997157e-002
  +1.73665007066e-002
  +1.68532333217e-002
  +1.63551355679e-002
  +1.58717591062e-002
  +1.54026688486e-002
  +1.49474425658e-002
  +1.45056705079e-002
  +1.40769550347e-002
  +1.36609102586e-002
  +1.32571616968e-002
  +1.28653459343e-002
  +1.24851102970e-002
  +1.21161125340e-002
  +1.17580205095e-002
  +1.14105119043e-002
  +1.10732739250e-002
  +1.07460030230e-002
  +1.04284046212e-002
  +1.01201928485e-002
  +9.82109028277e-003
  +9.53082770129e-003
  +9.24914383802e-003
  +8.97578514875e-003
  +8.71050558272e-003
  +8.45306636124e-003
  +8.20323576271e-003
  +7.96078891410e-003
  +7.72550758847e-003
  +7.49718000860e-003
  +7.27560065636e-003
  +7.06057008770e-003
  +6.85189475314e-003
  +6.64938682359e-003
  +6.45286402122e-003
  +6.26214945544e-003
  +6.07707146366e-003
  +5.89746345679e-003
  +5.72316376929e-003
  +5.55401551364e-003
  +5.38986643913e-003
  +5.23056879483e-003
  +5.07597919660e-003
  +4.92595849800e-003
  +4.78037166510e-003
  +4.63908765487e-003
  +4.50197929728e-003
  +4.36892318080e-003
  +4.23979954134e-003
  +4.11449215443e-003
  +3.99288823065e-003
  +3.87487831402e-003
  +3.76035618359e-003
  +3.64921875773e-003
  +3.54136600141e-003
  +3.43670083615e-003
  +3.33512905259e-003
  +3.23655922576e-003
  +3.14090263276e-003
  +3.04807317288e-003
  +2.95798729013e-003
  +2.87056389801e-003
  +2.78572430654e-003
  +2.70339215143e-003
  +2.62349332533e-003
  +2.54595591113e-003
  +2.47071011725e-003
  +2.39768821478e-003
  +2.32682447656e-003
  +2.25805511799e-003
  +2.19131823962e-003
  +2.12655377144e-003
  +2.06370341882e-003
  +2.00271061003e-003
  +1.94352044530e-003
  +1.88607964745e-003
  +1.83033651388e-003
  +1.77624087010e-003
  +1.72374402449e-003
  +1.67279872453e-003
  +1.62335911425e-003
  +1.57538069296e-003
  +1.52882027516e-003
  +1.48363595174e-003
  +1.43978705218e-003
  +1.39723410801e-003
  +1.35593881721e-003
  +1.31586400983e-003
  +1.27697361442e-003
  +1.23923262568e-003
  +1.20260707285e-003
  +1.16706398920e-003
  +1.13257138232e-003
  +1.09909820534e-003
  +1.06661432899e-003
  +1.03509051445e-003
  +1.00449838709e-003
  +9.74810410852e-004
  +9.45999863533e-004
  +9.18040812698e-004
  +8.90908092345e-004
  +8.64577280255e-004
  +8.39024676009e-004
  +8.14227279653e-004
  +7.90162770998e-004
  +7.66809489529e-004
  +7.44146414908e-004
  +7.22153148053e-004
  +7.00809892778e-004
  +6.80097437974e-004
  +6.59997140316e-004
  +6.40490907484e-004
  +6.21561181876e-004
  +6.03190924806e-004
  +5.85363601166e-004
  +5.68063164546e-004
  +5.51274042784e-004
  +5.34981123958e-004
  +5.19169742775e-004
  +5.03825667379e-004
  +4.88935086535e-004
  +4.74484597199e-004
  +4.60461192456e-004
  +4.46852249808e-004
  +4.33645519818e-004
  +4.20829115080e-004
  +4.08391499521e-004
  +3.96321478017e-004
  +3.84608186315e-004
  +3.73241081258e-004
  +3.62209931290e-004
  +3.51504807248e-004
  +3.41116073430e-004
  +3.31034378912e-004
  +3.21250649141e-004
  +3.11756077761e-004
  +3.02542118687e-004
  +2.93600478416e-004
  +2.84923108558e-004
  +2.76502198594e-004
  +2.68330168846e-004
  +2.60399663652e-004
  +2.52703544747e-004
  +2.45234884839e-004
  +2.37986961371e-004
  +2.30953250471e-004
  +2.24127421082e-004
  +2.17503329260e-004
  +2.11075012646e-004
  +2.04836685099e-004
  +1.98782731486e-004
  +1.92907702631e-004
  +1.87206310409e-004
  +1.81673422983e-004
  +1.76304060191e-004
  +1.71093389057e-004
  +1.66036719446e-004
  +1.61129499838e-004
  +1.56367313234e-004
  +1.51745873181e-004
  +1.47261019910e-004
  +1.42908716595e-004
  +1.38685045720e-004
  +1.34586205548e-004
  +1.30608506705e-004
  +1.26748368855e-004
  +1.23002317482e-004
  +1.19366980755e-004
  +1.15839086501e-004
  +1.12415459254e-004
  +1.09093017401e-004
  +1.05868770404e-004
  +1.02739816111e-004
  +9.97033381453e-005
  +9.67566033653e-005
  +9.38969594093e-005
  +9.11218323056e-005
  +8.84287241564e-005
  +8.58152108893e-005
  +8.32789400755e-005
  +8.08176288123e-005
  +7.84290616682e-005
  +7.61110886888e-005
  +7.38616234618e-005
  +7.16786412387e-005
  +6.95601771126e-005
  +6.75043242494e-005
  +6.55092321716e-005
  +6.35731050927e-005
  +6.16942003004e-005
  +5.98708265887e-005
  +5.81013427350e-005
  +5.63841560231e-005
  +5.47177208096e-005
  +5.31005371326e-005
  +5.15311493617e-005
  +5.00081448877e-005
  +4.85301528509e-005
  +4.70958429076e-005
  +4.57039240324e-005
  +4.43531433562e-005
  +4.30422850383e-005
  +4.17701691725e-005
  +4.05356507245e-005
  +3.93376185017e-005
  +3.81749941528e-005
  +3.70467311971e-005
  +3.59518140826e-005
  +3.48892572723e-005
  +3.38581043565e-005
  +3.28574271921e-005
  +3.18863250677e-005
  +3.09439238921e-005
  +3.00293754080e-005
  +2.91418564284e-005
  +2.82805680956e-005
  +2.74447351621e-005
  +2.66336052929e-005
  +2.58464483883e-005
  +2.50825559267e-005
  +2.43412403269e-005
  +2.36218343292e-005
  +2.29236903946e-005
  +1.98187065262e-002
  +4.87876952959e-002
  +7.69005262431e-002
  +1.04182489823e-001
  +1.30658142102e-001
  +1.56351313401e-001
  +1.81285129740e-001
  +2.05482033657e-001
  +2.28963804406e-001
  +2.51751577560e-001
  +2.73865864037e-001
  +2.95326568559e-001
  +3.16153007571e-001
  +3.36363926623e-001
  +3.55977517247e-001
  +3.75011433329e-001
  +3.93482806998e-001
  +4.11408264048e-001
  +4.28803938902e-001
  +4.45685489135e-001
  +4.62068109564e-001
  +4.77966545930e-001
  +4.93395108166e-001
  +5.08367683280e-001
  +5.22897747851e-001
  +5.36998380163e-001
  +5.50682271974e-001
  +5.63961739940e-001
  +5.76848736703e-001
  +5.89354861646e-001
  +6.01491371337e-001
  +6.13269189657e-001
  +6.24698917636e-001
  +6.35790842994e-001
  +6.46554949397e-001
  +6.57000925451e-001
  +6.67138173413e-001
  +6.76975817663e-001
  +6.86522712909e-001
  +6.95787452163e-001
  +7.04778374470e-001
  +7.13503572419e-001
  +7.21970899425e-001
  +7.30187976795e-001
  +7.38162200591e-001
  +7.45900748289e-001
  +7.53410585233e-001
  +7.60698470909e-001
  +7.67770965030e-001
  +7.74634433436e-001
  +7.81295053829e-001
  +7.87758821327e-001
  +7.94031553867e-001
  +8.00118897437e-001
  +8.06026331159e-001
  +8.11759172222e-001
  +8.17322580667e-001
  +8.22721564030e-001
  +8.27960981851e-001
  +8.33045550049e-001
  +8.37979845162e-001
  +8.42768308474e-001
  +8.47415250005e-001
  +8.51924852394e-001
  +8.56301174664e-001
  +8.60548155873e-001
  +8.64669618663e-001
  +8.68669272698e-001
  +8.72550718004e-001
  +8.76317448208e-001
  +8.79972853686e-001
  +8.83520224612e-001
  +8.86962753917e-001
  +8.90303540168e-001
  +8.93545590356e-001
  +8.96691822598e-001
  +8.99745068768e-001
  +9.02708077047e-001
  +9.05583514390e-001
  +9.08373968935e-001
  +9.11081952325e-001
  +9.13709901974e-001
  +9.16260183259e-001
  +9.18735091646e-001
  +9.21136854764e-001
  +9.23467634401e-001
  +9.25729528455e-001
  +9.27924572821e-001
  +9.30054743226e-001
  +9.32121957001e-001
  +9.34128074813e-001
  +9.36074902338e-001
  +9.37964191885e-001
  +9.39797643973e-001
  +9.41576908864e-001
  +9.43303588046e-001
  +9.44979235677e-001
  +9.46605359980e-001
  +9.48183424604e-001
  +9.49714849941e-001
  +9.51201014403e-001
  +9.52643255663e-001
  +9.54042871859e-001
  +9.55401122764e-001
  +9.56719230920e-001
  +9.57998382733e-001
  +9.59239729549e-001
  +9.60444388684e-001
  +9.61613444434e-001
  +9.62747949047e-001
  +9.63848923672e-001
  +9.64917359280e-001
  +9.65954217553e-001
  +9.66960431752e-001
  +9.67936907552e-001
  +9.68884523866e-001
  +9.69804133627e-001
  +9.70696564562e-001
  +9.71562619934e-001
  +9.72403079267e-001
  +9.73218699043e-001
  +9.74010213390e-001
  +9.74778334738e-001
  +9.75523754460e-001
  +9.76247143497e-001
  +9.76949152960e-001
  +9.77630414717e-001
  +9.78291541961e-001
  +9.78933129762e-001
  +9.79555755603e-001
  +9.80159979901e-001
  +9.80746346507e-001
  +9.81315383202e-001
  +9.81867602166e-001
  +9.82403500443e-001
  +9.82923560386e-001
  +9.83428250094e-001
  +9.83918023829e-001
  +9.84393322430e-001
  +9.84854573705e-001
  +9.85302192819e-001
  +9.85736582667e-001
  +9.86158134236e-001
  +9.86567226960e-001
  +9.86964229055e-001
  +9.87349497856e-001
  +9.87723380140e-001
  +9.88086212429e-001
  +9.88438321306e-001
  +9.88780023697e-001
  +9.89111627163e-001
  +9.89433430175e-001
  +9.89745722383e-001
  +9.90048784877e-001
  +9.90342890438e-001
  +9.90628303786e-001
  +9.90905281817e-001
  +9.91174073835e-001
  +9.91434921775e-001
  +9.91688060422e-001
  +9.91933717623e-001
  +9.92172114490e-001
  +9.92403465599e-001
  +9.92627979187e-001
  +9.92845857334e-001
  +9.93057296150e-001
  +9.93262485947e-001
  +9.93461611413e-001
  +9.93654851778e-001
  +9.93842380975e-001
  +9.94024367795e-001
  +9.94200976043e-001
  +9.94372364679e-001
  +9.94538687970e-001
  +9.94700095619e-001
  +9.94856732907e-001
  +9.95008740821e-001
  +9.95156256181e-001
  +9.95299411763e-001
  +9.95438336419e-001
  +9.95573155194e-001
  +9.95703989434e-001
  +9.95830956903e-001
  +9.95954171882e-001
  +9.96073745274e-001
  +9.96189784706e-001
  +9.96302394623e-001
  +9.96411676383e-001
  +9.96517728349e-001
  +9.96620645977e-001
  +9.96720521902e-001
  +9.96817446019e-001
  +9.96911505570e-001
  +9.97002785215e-001
  +9.97091367115e-001
  +9.97177330999e-001
  +9.97260754243e-001
  +9.97341711935e-001
  +9.97420276944e-001
  +9.97496519985e-001
  +9.97570509682e-001
  +9.97642312633e-001
  +9.97711993467e-001
  +9.97779614901e-001
  +9.97845237802e-001
  +9.97908921236e-001
  +9.97970722522e-001
  +9.98030697287e-001
  +9.98088899514e-001
  +9.98145381589e-001
  +9.98200194351e-001
  +9.98253387137e-001
  +9.98305007823e-001
  +9.98355102874e-001
  +9.98403717378e-001
  +9.98450895094e-001
  +9.98496678484e-001
  +9.98541108758e-001
  +9.98584225908e-001
  +9.98626068741e-001
  +9.98666674920e-001
  +9.98706080994e-001
  +9.98744322432e-001
  +9.98781433654e-001
  +9.98817448064e-001
  +9.98852398077e-001
  +9.98886315152e-001
  +9.98919229816e-001
  +9.98951171696e-001
  +9.98982169543e-001
  +9.99012251256e-001
  +9.99041443912e-001
  +9.99069773786e-001
  +9.99097266379e-001
  +9.99123946435e-001
  +9.99149837969e-001
  +9.99174964285e-001
  +9.99199348000e-001
  +9.99223011061e-001
  +9.99245974766e-001
  +9.99268259784e-001
  +9.99289886175e-001
  +9.99310873403e-001
  +9.99331240360e-001
  +9.99351005376e-001
  +9.99370186243e-001
  +9.99388800223e-001
  +9.99406864073e-001
  +9.99424394050e-001
  +9.99441405934e-001
  +9.99457915035e-001
  +9.99473936215e-001
  +9.99489483892e-001
  +9.99504572062e-001
  +9.99519214305e-001
  +9.99533423801e-001
  +9.99547213339e-001
  +9.99560595330e-001
  +9.99573581820e-001
  +9.99586184498e-001
  +9.99598414707e-001
  +9.99610283455e-001
  +9.99621801426e-001
  +9.99632978986e-001
  +9.99643826196e-001
  +9.99654352819e-001
  +9.99664568332e-001
  +9.99674481927e-001
  +9.99684102528e-001
  +9.99693438795e-001
  +9.99702499132e-001
  +9.99711291692e-001
  +9.99719824391e-001
  +9.99728104908e-001
  +9.99736140696e-001
  +9.99743938989e-001
  +9.99751506805e-001
  +9.99758850956e-001
  +9.99765978053e-001
  +9.99772894511e-001
  +9.99779606554e-001
  +9.99786120225e-001
  +9.99792441386e-001
  +9.99798575726e-001
  +9.99804528768e-001
  +9.99810305869e-001
  +9.99815912229e-001
  +9.99821352895e-001
  +9.99826632764e-001
  +9.99831756587e-001
  +9.99836728977e-001
  +9.99841554410e-001
  +9.99846237228e-001
  +9.99850781646e-001
  +9.99855191756e-001
  +9.99859471525e-001
  +9.99863624808e-001
  +9.99867655341e-001
  +9.99871566753e-001
  +9.99875362564e-001
  +9.99879046191e-001
  +9.99882620949e-001
  +9.99886090056e-001
  +9.99889456635e-001
  +9.99892723715e-001
  +9.99895894237e-001
  +9.99898971056e-001
  +9.99901956940e-001
  +9.99904854577e-001
  +9.99907666575e-001
  +9.99910395465e-001
  +9.99913043704e-001
  +9.99915613674e-001
  +9.99918107690e-001
  +9.99920527996e-001
  +9.99922876770e-001
  +9.99925156127e-001
  +9.99927368118e-001
  +9.99929514735e-001
  +9.99931597908e-001
  +9.99933619514e-001
  +9.99935581372e-001
  +9.99937485248e-001
  +9.99939332855e-001
  +9.99941125857e-001
  +9.99942865866e-001
  +9.99944554451e-001
  +9.99946193130e-001
  +9.99947783378e-001
  +9.99949326626e-001
  +9.99950824264e-001
  +9.99952277640e-001
  +9.99953688062e-001
  +9.90009829527e-001
  +9.60750446575e-001
  +9.32355340326e-001
  +9.04799434663e-001
  +8.78057948035e-001
  +8.52106810162e-001
  +8.26922662166e-001
  +8.02482835542e-001
  +7.78765331758e-001
  +7.55748802450e-001
  +7.33412530211e-001
  +7.11736409937e-001
  +6.90700930736e-001
  +6.70287158362e-001
  +6.50476718174e-001
  +6.31251778597e-001
  +6.12595035070e-001
  +5.94489694471e-001
  +5.76919460001e-001
  +5.59868516517e-001
  +5.43321516293e-001
  +5.27263565209e-001
  +5.11680209342e-001
  +4.96557421958e-001
  +4.81881590883e-001
  +4.67639506257e-001
  +4.53818348634e-001
  +4.40405677453e-001
  +4.27389419835e-001
  +4.14757859715e-001
  +4.02499627300e-001
  +3.90603688831e-001
  +3.79059336656e-001
  +3.67856179587e-001
  +3.56984133551e-001
  +3.46433412509e-001
  +3.36194519653e-001
  +3.26258238851e-001
  +3.16615626359e-001
  +3.07258002764e-001
  +2.98176945176e-001
  +2.89364279643e-001
  +2.80812073797e-001
  +2.72512629711e-001
  +2.64458476974e-001
  +2.56642365961e-001
  +2.49057261313e-001
  +2.41696335601e-001
  +2.34552963182e-001
  +2.27620714234e-001
  +2.20893348972e-001
  +2.14364812027e-001
  +2.08029226996e-001
  +2.01880891156e-001
  +1.95914270329e-001
  +1.90123993899e-001
  +1.84504849981e-001
  +1.79051780726e-001
  +1.73759877773e-001
  +1.68624377827e-001
  +1.63640658373e-001
  +1.58804233515e-001
  +1.54110749938e-001
  +1.49555982991e-001
  +1.45135832882e-001
  +1.40846320991e-001
  +1.36683586284e-001
  +1.32643881843e-001
  +1.28723571488e-001
  +1.24919126510e-001
  +1.21227122488e-001
  +1.17644236215e-001
  +1.14167242696e-001
  +1.10793012257e-001
  +1.07518507718e-001
  +1.04340781665e-001
  +1.01256973795e-001
  +9.82643083409e-002
  +9.53600915754e-002
  +9.25417093838e-002
  +8.98066249118e-002
  +8.71523762825e-002
  +8.45765743803e-002
  +8.20769007000e-002
  +7.96511052602e-002
  +7.72970045782e-002
  +7.50124797043e-002
  +7.27954743150e-002
  +7.06439928613e-002
  +6.85560987733e-002
  +6.65299127166e-002
  +6.45636109009e-002
  +6.26554234381e-002
  +6.08036327496e-002
  +5.90065720202e-002
  +5.72626236973e-002
  +5.55702180356e-002
  +5.39278316839e-002
  +5.23339863138e-002
  +5.07872472890e-002
  +4.92862223743e-002
  +4.78295604821e-002
  +4.64159504564e-002
  +4.50441198928e-002
  +4.37128339927e-002
  +4.24208944524e-002
  +4.11671383841e-002
  +3.99504372696e-002
  +3.87696959438e-002
  +3.76238516098e-002
  +3.65118728815e-002
  +3.54327588558e-002
  +3.43855382112e-002
  +3.33692683341e-002
  +3.23830344697e-002
  +3.14259488991e-002
  +3.04971501399e-002
  +2.95958021710e-002
  +2.87210936802e-002
  +2.78722373335e-002
  +2.70484690669e-002
  +2.62490473982e-002
  +2.54732527601e-002
  +2.47203868520e-002
  +2.39897720117e-002
  +2.32807506055e-002
  +2.25926844362e-002
  +2.19249541685e-002
  +2.12769587717e-002
  +2.06481149786e-002
  +2.00378567606e-002
  +1.94456348183e-002
  +1.88709160867e-002
  +1.83131832557e-002
  +1.77719343044e-002
  +1.72466820492e-002
  +1.67369537053e-002
  +1.62422904611e-002
  +1.57622470652e-002
  +1.52963914259e-002
  +1.48443042217e-002
  +1.44055785244e-002
  +1.39798194327e-002
  +1.35666437166e-002
  +1.31656794723e-002
  +1.27765657880e-002
  +1.23989524186e-002
  +1.20324994705e-002
  +1.16768770956e-002
  +1.13317651949e-002
  +1.09968531295e-002
  +1.06718394418e-002
  +1.03564315836e-002
  +1.00503456533e-002
  +9.75330613980e-003
  +9.46504567486e-003
  +9.18530479235e-003
  +8.91383169470e-003
  +8.65038202626e-003
  +8.39471865334e-003
  +8.14661145078e-003
  +7.90583709479e-003
  +7.67217886198e-003
  +7.44542643422e-003
  +7.22537570939e-003
  +7.01182861761e-003
  +6.80459294301e-003
  +6.60348215070e-003
  +6.40831521882e-003
  +6.21891647566e-003
  +6.03511544153e-003
  +5.85674667526e-003
  +5.68364962536e-003
  +5.51566848541e-003
  +5.35265205393e-003
  +5.19445359818e-003
  +5.04093072216e-003
  +4.89194523838e-003
  +4.74736304351e-003
  +4.60705399768e-003
  +4.47089180731e-003
  +4.33875391144e-003
  +4.21052137143e-003
  +4.08607876389e-003
  +3.96531407678e-003
  +3.84811860859e-003
  +3.73438687052e-003
  +3.62401649147e-003
  +3.51690812598e-003
  +3.41296536472e-003
  +3.31209464778e-003
  +3.21420518041e-003
  +3.11920885133e-003
  +3.02702015338e-003
  +2.93755610659e-003
  +2.85073618349e-003
  +2.76648223658e-003
  +2.68471842805e-003
  +2.60537116147e-003
  +2.52836901557e-003
  +2.45364267995e-003
  +2.38112489269e-003
  +2.31075037980e-003
  +2.24245579648e-003
  +2.17617967008e-003
  +2.11186234481e-003
  +2.04944592799e-003
  +1.98887423798e-003
  +1.93009275359e-003
  +1.87304856503e-003
  +1.81769032625e-003
  +1.76396820874e-003
  +1.71183385668e-003
  +1.66124034343e-003
  +1.61214212925e-003
  +1.56449502036e-003
  +1.51825612911e-003
  +1.47338383540e-003
  +1.42983774925e-003
  +1.38757867438e-003
  +1.34656857298e-003
  +1.30677053143e-003
  +1.26814872714e-003
  +1.23066839622e-003
  +1.19429580225e-003
  +1.15899820589e-003
  +1.12474383544e-003
  +1.09150185817e-003
  +1.05924235267e-003
  +1.02793628181e-003
  +9.97555466705e-004
  +9.68072561266e-004
  +9.39461027638e-004
  +9.11695112292e-004
  +8.84749822850e-004
  +8.58600905586e-004
  +8.33224823600e-004
  +8.08598735624e-004
  +7.84700475471e-004
  +7.61508532077e-004
  +7.39002030141e-004
  +7.17160711336e-004
  +6.95964916072e-004
  +6.75395565801e-004
  +6.55434145845e-004
  +6.36062688729e-004
  +6.17263758012e-004
  +5.99020432587e-004
  +5.81316291455e-004
  +5.64135398940e-004
  +5.47462290349e-004
  +5.31281958050e-004
  +5.15579837964e-004
  +5.00341796455e-004
  +4.85554117610e-004
  +4.71203490890e-004
  +4.57276999153e-004
  +4.43762107024e-004
  +4.30646649612e-004
  +4.17918821565e-004
  +4.05567166435e-004
  +3.93580566375e-004
  +3.81948232126e-004
  +3.70659693306e-004
  +3.59704788990e-004
  +3.49073658558e-004
  +3.38756732823e-004
  +3.28744725417e-004
  +3.19028624431e-004
  +3.09599684307e-004
  +3.00449417960e-004
  +2.91569589144e-004
  +2.82952205036e-004
  +2.74589509042e-004
  +2.66473973816e-004
  +2.58598294484e-004
  +2.50955382067e-004
  +2.43538357104e-004
  +2.36340543455e-004
  +2.29355462298e-004
  +2.22576826289e-004
  +2.15998533912e-004
  +2.09614663979e-004
  +2.03419470305e-004
  +1.97407376535e-004
  +1.91572971121e-004
  +1.85911002458e-004
  +1.80416374150e-004
  +1.75084140429e-004
  +1.69909501696e-004
  +1.64887800208e-004
  +1.60014515880e-004
  +1.55285262222e-004
  +1.50695782383e-004
  +1.46241945328e-004
  +1.41919742113e-004
  +1.37725282280e-004
  +1.33654790353e-004
  +1.29704602442e-004
  +1.25871162942e-004
  +1.22151021338e-004
  +1.18540829091e-004
  +1.15037336632e-004
  +1.11637390433e-004
  +1.08337930167e-004
  +1.05135985957e-004
  +1.02028675701e-004
  +9.90132024789e-005
  +9.60868520319e-005
  +9.32469903230e-005
  +9.04910611643e-005
  +8.78165839162e-005
  +8.52211512551e-005
  +8.27024270059e-005
  +8.02581440398e-005
  +7.78861022332e-005
  +7.55841664875e-005
  +7.33502648072e-005
  +7.11823864351e-005
  +6.90785800421e-005
  +6.70369519711e-005
  +6.50556645321e-005
  +6.31329343485e-005
  +6.12670307515e-005
  +5.94562742227e-005
  +5.76990348820e-005
  +5.59937310205e-005
  +5.43388276774e-005
  +5.27328352573e-005
  +5.11743081906e-005
  +4.96618436313e-005
  +4.81940801950e-005
  +4.67696967331e-005
  +4.53874111438e-005
</dep>
